return {Vector3.new(44.4432373, 0.550674438, 0.106018066),
Vector3.new(46.8853149, 10.4421768, 0.10597229),
Vector3.new(49.41539, 24.295639, 0.10597229),
Vector3.new(50.7147217, 31.8345642, 0.105987549),
Vector3.new(52.4126587, 39.236969, 0.105987549),
Vector3.new(54.692337, 46.9750366, 0.106002808),
Vector3.new(55.9427948, 49.8655243, 0.106002808),
Vector3.new(65.6634064, 43.5692444, 0.106018066),
Vector3.new(75.4548492, 43.1886749, 0.105941772),
Vector3.new(82.932724, 46.437851, 0.10597229),
Vector3.new(82.2017517, 45.2700195, 0.105941772),
Vector3.new(83.0018005, 44.6828156, 0.105987549),
Vector3.new(84.4415436, 45.1471863, 0.106002808),
Vector3.new(86.0621338, 46.3943024, 0.10597229),
Vector3.new(86.1926117, 47.1996613, 0.10597229),
Vector3.new(82.2094574, 46.3991547, 0.106002808),
Vector3.new(80.6273346, 46.513916, 0.106002808),
Vector3.new(78.3166046, 46.5746155, 0.105987549),
Vector3.new(76.6277924, 46.9259644, 0.10597229),
Vector3.new(74.8670349, 47.3537292, 0.105987549),
Vector3.new(71.9037781, 48.3700256, 0.106002808),
Vector3.new(69.977356, 49.4853363, 0.106002808),
Vector3.new(68.589447, 50.6430817, 0.10597229),
Vector3.new(67.3456573, 51.6361084, 0.10597229),
Vector3.new(64.8247528, 53.9471283, 0.10597229),
Vector3.new(64.0632629, 53.9978943, 0.105941772),
Vector3.new(63.9567566, 52.7871246, 0.105987549),
Vector3.new(63.8139648, 51.3511658, 0.106018066),
Vector3.new(64.5175476, 49.9239197, 0.106002808),
Vector3.new(65.4307556, 48.8709412, 0.10597229),
Vector3.new(66.8524628, 48.7600403, 0.10597229),
Vector3.new(67.8513947, 49.2949219, 0.106002808),
Vector3.new(68.0965576, 50.8223114, 0.105987549),
Vector3.new(63.5402679, 54.7554474, 0.105987549),
Vector3.new(62.3353882, 56.304245, 0.105987549),
Vector3.new(60.9432373, 58.2089996, 0.10597229),
Vector3.new(62.9347229, 55.0726776, 0.105941772),
Vector3.new(67.5352325, 50.8435516, 0.105987549),
Vector3.new(69.3054657, 49.6759186, 0.10597229),
Vector3.new(71.2068481, 48.3941803, 0.105987549),
Vector3.new(74.1113129, 47.3874817, 0.106018066),
Vector3.new(76.281723, 47.3232574, 0.10597229),
Vector3.new(77.7722778, 47.0762634, 0.105987549),
Vector3.new(80.1904449, 46.7815399, 0.106002808),
Vector3.new(83.5403595, 47.0632782, 0.105941772),
Vector3.new(87.0629425, 47.7583618, 0.105987549),
Vector3.new(89.8274841, 49.1411285, 0.105987549),
Vector3.new(93.0699997, 51.7029266, 0.105987549),
Vector3.new(96.428009, 54.8245697, 0.105987549),
Vector3.new(100.462082, 59.386322, 0.10597229),
Vector3.new(101.995193, 62.7369232, 0.106002808),
Vector3.new(102.719437, 65.12854, 0.105987549),
Vector3.new(102.314331, 65.9393311, 0.106002808),
Vector3.new(101.25502, 64.398819, 0.106002808),
Vector3.new(100.436249, 64.4115601, 0.105987549),
Vector3.new(101.328415, 64.987793, 0.10597229),
Vector3.new(102.111267, 66.4890442, 0.105987549),
Vector3.new(103.077255, 66.5479584, 0.10597229),
Vector3.new(103.555054, 67.3889771, 0.106002808),
Vector3.new(104.013763, 68.906723, 0.105987549),
Vector3.new(103.986542, 70.665802, 0.10597229),
Vector3.new(103.929581, 73.0003204, 0.106002808),
Vector3.new(103.453995, 74.9202576, 0.106018066),
Vector3.new(102.229324, 76.6218109, 0.105987549),
Vector3.new(101.067581, 77.5473785, 0.105987549),
Vector3.new(98.7510376, 78.4885406, 0.10597229),
Vector3.new(98.0019531, 78.52211, 0.106018066),
Vector3.new(98.4416656, 76.8694, 0.106018066),
Vector3.new(98.8704681, 74.8356171, 0.10597229),
Vector3.new(98.9458771, 73.2982025, 0.105987549),
Vector3.new(98.5441437, 75.2568817, 0.106002808),
Vector3.new(98.050705, 77.3552399, 0.106002808),
Vector3.new(97.6812134, 79.2299347, 0.105987549),
Vector3.new(96.874054, 81.6602325, 0.105987549),
Vector3.new(95.8553925, 83.5121155, 0.105941772),
Vector3.new(94.6514511, 85.3700714, 0.105987549),
Vector3.new(93.7054214, 86.4015198, 0.106018066),
Vector3.new(91.1828461, 90.0880432, 0.105941772),
Vector3.new(89.5167236, 92.6208344, 0.10597229),
Vector3.new(88.4513702, 94.1925354, 0.105987549),
Vector3.new(87.5532227, 95.6296082, 0.10597229),
Vector3.new(86.0739594, 97.9965363, 0.105987549),
Vector3.new(84.9939423, 99.7911072, 0.105987549),
Vector3.new(84.0823212, 101.782852, 0.10597229),
Vector3.new(83.0841827, 103.848495, 0.106002808),
Vector3.new(82.4257965, 105.845047, 0.105987549),
Vector3.new(81.8377991, 106.448166, 0.105987549),
Vector3.new(80.4847717, 106.674164, 0.106002808),
Vector3.new(78.8524323, 106.085068, 0.105987549),
Vector3.new(76.9521332, 106.203537, 0.10597229),
Vector3.new(72.5898895, 106.208298, 0.10597229),
Vector3.new(76.2168579, 105.992889, 0.10597229),
Vector3.new(79.5320129, 105.898605, 0.10597229),
Vector3.new(81.2872772, 106.962662, 0.106002808),
Vector3.new(81.515213, 108.298828, 0.106018066),
Vector3.new(81.4008331, 110.35025, 0.105987549),
Vector3.new(81.5246124, 115.553879, 0.105987549),
Vector3.new(81.6152191, 118.161423, 0.10597229),
Vector3.new(82.1584778, 121.443573, 0.10597229),
Vector3.new(82.6563568, 124.159393, 0.106002808),
Vector3.new(83.6109924, 126.4711, 0.10597229),
Vector3.new(84.5173645, 128.724503, 0.105987549),
Vector3.new(85.3573456, 130.462646, 0.106002808),
Vector3.new(87.7016144, 128.536591, 0.105987549),
Vector3.new(89.4895782, 125.821289, 0.105987549),
Vector3.new(91.4275665, 122.638565, 0.105987549),
Vector3.new(92.3802948, 120.5961, 0.105987549),
Vector3.new(93.2329559, 118.99942, 0.10597229),
Vector3.new(91.4742584, 121.971741, 0.10597229),
Vector3.new(89.5185699, 125.284546, 0.105987549),
Vector3.new(88.9715729, 124.566803, 0.106002808),
Vector3.new(88.0165863, 123.65979, 0.105987549),
Vector3.new(87.2083282, 122.110519, 0.10597229),
Vector3.new(87.0209198, 121.057785, 0.106018066),
Vector3.new(86.352066, 120.321655, 0.106002808),
Vector3.new(86.1639862, 119.271164, 0.10597229),
Vector3.new(86.291626, 118.379181, 0.105941772),
Vector3.new(87.9031067, 115.722916, 0.106002808),
Vector3.new(87.4230652, 113.390732, 0.105987549),
Vector3.new(87.0677338, 111.841003, 0.10597229),
Vector3.new(86.4191742, 110.475342, 0.105987549),
Vector3.new(85.8569946, 108.839874, 0.10597229),
Vector3.new(85.0592194, 107.76236, 0.10597229),
Vector3.new(84.2359619, 107.109009, 0.105987549),
Vector3.new(83.3065338, 106.960037, 0.105987549),
Vector3.new(82.1181641, 107.006561, 0.105987549),
Vector3.new(81.5764465, 107.476257, 0.10597229),
Vector3.new(81.9026031, 105.791977, 0.10597229),
Vector3.new(82.6652069, 104.222931, 0.105987549),
Vector3.new(83.6324921, 102.203049, 0.105987549),
Vector3.new(84.5990448, 100.205322, 0.106002808),
Vector3.new(85.5669556, 98.396698, 0.106018066),
Vector3.new(87.1039734, 95.9903717, 0.105987549),
Vector3.new(87.9759674, 94.5003204, 0.10597229),
Vector3.new(89.1006165, 92.9655914, 0.106018066),
Vector3.new(90.5777283, 90.4912109, 0.106018066),
Vector3.new(93.0701599, 86.8478394, 0.105987549),
Vector3.new(94.0160446, 87.0602722, 0.105987549),
Vector3.new(94.4463654, 88.1760406, 0.105987549),
Vector3.new(94.6012573, 89.2454071, 0.10597229),
Vector3.new(94.8748627, 90.3735962, 0.10597229),
Vector3.new(95.353714, 91.9369965, 0.10597229),
Vector3.new(94.8026352, 94.8850403, 0.10597229),
Vector3.new(94.6534424, 96.7328949, 0.105987549),
Vector3.new(94.1356049, 99.2462158, 0.105941772),
Vector3.new(93.6972656, 100.310059, 0.106002808),
Vector3.new(94.1096039, 101.381439, 0.105987549),
Vector3.new(94.5494537, 102.216705, 0.106002808),
Vector3.new(94.7487335, 103.384445, 0.105987549),
Vector3.new(94.5755768, 104.654251, 0.10597229),
Vector3.new(93.8679962, 105.383789, 0.105987549),
Vector3.new(92.6575775, 105.32373, 0.105987549),
Vector3.new(91.9405975, 104.699326, 0.10597229),
Vector3.new(90.4217224, 103.871704, 0.105987549),
Vector3.new(89.2753296, 103.142517, 0.10597229),
Vector3.new(87.9569855, 102.745956, 0.10597229),
Vector3.new(86.4713593, 102.475266, 0.10597229),
Vector3.new(85.1165314, 102.467941, 0.106002808),
Vector3.new(83.7645721, 102.759827, -0.0440216064),
Vector3.new(85.7928925, 102.321609, -0.0254974365),
Vector3.new(87.2677612, 102.572266, -0.0440063477),
Vector3.new(88.6204987, 102.79953, -0.0440216064),
Vector3.new(89.8006287, 103.529037, -0.0440063477),
Vector3.new(91.2838287, 104.322906, -0.0440368652),
Vector3.new(93.2591095, 105.395355, -0.0440368652),
Vector3.new(93.2559357, 107.973572, 0.106033325),
Vector3.new(93.7499847, 110.359482, 0.10597229),
Vector3.new(94.1679077, 112.927505, 0.105987549),
Vector3.new(93.7080688, 116.165787, 0.106018066),
Vector3.new(93.418808, 118.494171, 0.106033325),
Vector3.new(94.3347015, 119.654297, 0.10597229),
Vector3.new(95.4143219, 121.266678, 0.10597229),
Vector3.new(97.1042175, 124.471268, 0.105941772),
Vector3.new(97.6501923, 127.186493, 0.10597229),
Vector3.new(97.4654694, 130.44313, 0.10597229),
Vector3.new(96.9246979, 133.275253, 0.10597229),
Vector3.new(95.440918, 136.88945, 0.10597229),
Vector3.new(93.6924896, 140.351135, 0.105987549),
Vector3.new(91.8507538, 142.56366, 0.105987549),
Vector3.new(89.0344696, 145.090347, 0.106002808),
Vector3.new(87.2616272, 145.367172, 0.105941772),
Vector3.new(85.7109375, 144.477417, 0.105941772),
Vector3.new(84.1777649, 142.792236, 0.105987549),
Vector3.new(83.1838684, 140.430679, 0.105987549),
Vector3.new(82.2342834, 137.528748, 0.105987549),
Vector3.new(82.1776276, 135.548721, 0.105941772),
Vector3.new(83.2137299, 133.498337, 0.10597229),
Vector3.new(85.3661346, 130.534927, 0.10597229),
Vector3.new(83.5571136, 132.876328, -0.0440063477),
Vector3.new(82.3204651, 134.921066, 0.105987549),
Vector3.new(82.0017548, 137.079956, 0.105987549),
Vector3.new(82.7635956, 139.939026, 0.105987549),
Vector3.new(83.7631836, 142.299347, 0.10597229),
Vector3.new(85.089035, 144.346283, 0.10597229),
Vector3.new(86.6774445, 145.48233, 0.106002808),
Vector3.new(88.6144104, 145.478302, 0.106002808),
Vector3.new(91.5665131, 143.232941, 0.105987549),
Vector3.new(91.5451202, 144.7043, 0.106002808),
Vector3.new(91.3010864, 145.872238, 0.105987549),
Vector3.new(90.94487, 147.211349, 0.106002808),
Vector3.new(90.5615997, 148.167496, 0.105987549),
Vector3.new(90.1872559, 149.241745, 0.105987549),
Vector3.new(89.6543579, 148.723465, 0.10597229),
Vector3.new(88.767746, 147.848358, 0.10597229),
Vector3.new(87.7745972, 147.864975, 0.105941772),
Vector3.new(86.3065338, 148.70874, 0.106018066),
Vector3.new(85.1248627, 149.441147, 0.105987549),
Vector3.new(83.4630585, 151.362656, 0.105987549),
Vector3.new(82.3141022, 153.436996, 0.10597229),
Vector3.new(81.0157318, 155.661667, 0.105941772),
Vector3.new(80.0781097, 156.985336, 0.105987549),
Vector3.new(81.4604645, 160.144241, 0.10597229),
Vector3.new(82.7666473, 162.14476, 0.105987549),
Vector3.new(83.4702301, 165.319809, 0.10597229),
Vector3.new(84.3018951, 168.728043, 0.106002808),
Vector3.new(85.0627289, 172.506607, 0.10597229),
Vector3.new(85.4853058, 177.03331, 0.10597229),
Vector3.new(85.9541473, 181.095444, 0.105987549),
Vector3.new(86.1173401, 186.448456, 0.105987549),
Vector3.new(85.9920044, 189.443634, 0.106018066),
Vector3.new(85.6576385, 193.646576, 0.105987549),
Vector3.new(85.1565552, 196.7323, 0.105987549),
Vector3.new(84.6759186, 199.377991, 0.105987549),
Vector3.new(85.3754578, 197.681915, 0.10597229),
Vector3.new(86.0320892, 196.74057, 0.105987549),
Vector3.new(87.8079681, 194.008453, 0.105987549),
Vector3.new(89.876358, 190.027374, 0.105987549),
Vector3.new(90.9746094, 187.014984, 0.106002808),
Vector3.new(93.3146667, 182.302628, 0.106018066),
Vector3.new(94.4674377, 176.025406, 0.105987549),
Vector3.new(95.1952057, 170.690903, 0.106018066),
Vector3.new(94.7906113, 165.356888, 0.10597229),
Vector3.new(93.7923279, 161.005112, 0.105987549),
Vector3.new(92.162674, 154.471176, 0.106002808),
Vector3.new(90.633194, 151.368881, 0.106002808),
Vector3.new(90.0765533, 149.718796, 0.00505065918),
Vector3.new(90.997757, 151.856842, -0.0440216064),
Vector3.new(92.3790894, 154.997452, -0.0440063477),
Vector3.new(93.9420319, 161.656509, -0.0439910889),
Vector3.new(94.8907471, 165.902084, -0.044052124),
Vector3.new(95.1270447, 171.38472, -0.0439910889),
Vector3.new(94.3551788, 176.86824, -0.0440216064),
Vector3.new(93.004776, 182.95665, -0.0439910889),
Vector3.new(90.6670227, 187.76413, -0.0440368652),
Vector3.new(89.5859833, 190.767822, -0.0440063477),
Vector3.new(87.6367493, 194.54718, 0.105987549),
Vector3.new(85.7899017, 197.192688, -0.0440063477),
Vector3.new(84.9190521, 198.832031, -0.0440063477),
Vector3.new(84.7039337, 200.102356, 0.105987549),
Vector3.new(83.7215881, 202.795654, 0.105987549),
Vector3.new(83.3624268, 206.03476, 0.106002808),
Vector3.new(83.2220917, 207.023285, 0.106002808),
Vector3.new(83.8344269, 208.209106, 0.10597229),
Vector3.new(86.5133057, 211.661041, 0.106018066),
Vector3.new(87.5458832, 213.297058, 0.105987549),
Vector3.new(88.6441803, 214.521973, 0.105987549),
Vector3.new(89.6249542, 216.169464, 0.10597229),
Vector3.new(90.5313873, 218.371338, 0.10597229),
Vector3.new(90.5961304, 220.211792, 0.10597229),
Vector3.new(89.7005463, 223.289764, 0.105987549),
Vector3.new(88.6756744, 224.780731, 0.105987549),
Vector3.new(87.5709076, 226.665985, 0.106002808),
Vector3.new(86.6024323, 227.626678, 0.105941772),
Vector3.new(85.5792084, 227.924347, 0.105987549),
Vector3.new(84.6182404, 227.447632, 0.105987549),
Vector3.new(83.9974518, 226.489655, 0.105987549),
Vector3.new(83.0838318, 225.514069, 0.105987549),
Vector3.new(81.8320923, 223.932983, 0.10597229),
Vector3.new(80.8844147, 222.706665, 0.105987549),
Vector3.new(79.9456482, 221.473969, 0.105987549),
Vector3.new(78.9781952, 220.589874, 0.105941772),
Vector3.new(78.3132019, 220.229065, 0.10597229),
Vector3.new(77.1621552, 223.2789, 0.10597229),
Vector3.new(75.7454224, 225.805634, 0.10597229),
Vector3.new(74.9499969, 228.222107, 0.105987549),
Vector3.new(74.3585815, 229.718933, 0.106002808),
Vector3.new(74.8922577, 232.227997, 0.106002808),
Vector3.new(76.1717834, 236.453735, 0.10597229),
Vector3.new(78.1466827, 239.470062, 0.105987549),
Vector3.new(79.6527405, 241.955872, 0.105987549),
Vector3.new(81.0737915, 244.675293, 0.106002808),
Vector3.new(81.1987457, 246.128113, 0.10597229),
Vector3.new(79.333725, 249.785309, 0.10597229),
Vector3.new(76.1269836, 253.621185, 0.105987549),
Vector3.new(74.3376617, 255.553101, 0.105987549),
Vector3.new(73.2380829, 256.658386, 0.105987549),
Vector3.new(71.976181, 257.118256, 0.105987549),
Vector3.new(70.2315826, 256.469971, 0.10597229),
Vector3.new(69.1703949, 255.146484, 0.105987549),
Vector3.new(67.571991, 252.463531, 0.106002808),
Vector3.new(66.2463989, 248.6604, 0.105987549),
Vector3.new(65.9831085, 245.889496, 0.105987549),
Vector3.new(65.8267822, 244.734619, 0.105987549),
Vector3.new(64.3646698, 246.438324, 0.105987549),
Vector3.new(62.7917023, 248.509338, 0.105987549),
Vector3.new(60.6479492, 250.638794, 0.105987549),
Vector3.new(58.7145844, 252.448639, 0.105987549),
Vector3.new(56.6722565, 254.360535, 0.105987549),
Vector3.new(56.0736847, 249.684662, 0.106002808),
Vector3.new(56.2831573, 245.550781, 0.105987549),
Vector3.new(55.864151, 241.385071, 0.105987549),
Vector3.new(55.6377411, 238.625427, 0.105987549),
Vector3.new(55.4586487, 235.165741, 0.105987549),
Vector3.new(55.2238464, 231.858337, 0.10597229),
Vector3.new(54.6277466, 228.759552, 0.106002808),
Vector3.new(53.986084, 225.410278, 0.105987549),
Vector3.new(53.5927582, 221.377289, 0.105987549),
Vector3.new(52.5332031, 214.853333, 0.105987549),
Vector3.new(51.0500946, 211.096375, 0.105987549),
Vector3.new(49.3365021, 202.576202, 0.106018066),
Vector3.new(48.8110962, 198.950165, 0.10597229),
Vector3.new(48.177597, 195.421265, 0.105987549),
Vector3.new(47.7418671, 191.599304, 0.105987549),
Vector3.new(47.2419128, 189.536713, 0.105987549),
Vector3.new(46.8122406, 183.831009, 0.105987549),
Vector3.new(47.7461395, 177.155746, 0.105987549),
Vector3.new(46.7169037, 184.482101, -0.0440063477),
Vector3.new(47.1044006, 190.205627, 0.105987549),
Vector3.new(46.5362396, 191.071869, 0.10597229),
Vector3.new(44.8877106, 197.005341, 0.10597229),
Vector3.new(44.5431366, 198.723145, 0.105987549),
Vector3.new(43.5260468, 202.048584, 0.10597229),
Vector3.new(41.9530792, 206.380463, 0.10597229),
Vector3.new(40.7718964, 209.34848, 0.105987549),
Vector3.new(38.7350006, 212.700562, 0.105987549),
Vector3.new(35.4561615, 218.117798, 0.105987549),
Vector3.new(32.2780914, 221.401062, 0.106002808),
Vector3.new(29.9199371, 224.474487, 0.105987549),
Vector3.new(26.8120117, 228.104584, 0.105987549),
Vector3.new(23.8592834, 231.00946, 0.105987549),
Vector3.new(21.5050659, 233.039276, 0.106002808),
Vector3.new(18.7744751, 235.244324, 0.105987549),
Vector3.new(15.431015, 237.88327, 0.105987549),
Vector3.new(12.0875854, 240.24469, 0.10597229),
Vector3.new(8.51914978, 242.580017, 0.10597229),
Vector3.new(6.59968567, 243.751129, 0.105987549),
Vector3.new(6.27244568, 240.478149, 0.105987549),
Vector3.new(5.70826721, 236.756531, 0.105987549),
Vector3.new(5.35023499, 232.888367, 0.10597229),
Vector3.new(4.95593262, 230.072113, 0.105987549),
Vector3.new(4.28823853, 226.389069, 0.106002808),
Vector3.new(4.29084778, 223.213776, 0.105987549),
Vector3.new(4.49690247, 220.450867, 0.10597229),
Vector3.new(4.0504303, 216.61969, 0.105987549),
Vector3.new(4.15278625, 214.500366, 0.105987549),
Vector3.new(4.9884491, 213.64505, 0.10597229),
Vector3.new(6.29585266, 215.487732, 0.106002808),
Vector3.new(7.42047119, 218.197388, 0.105987549),
Vector3.new(8.15867615, 220.727905, 0.105987549),
Vector3.new(9.12638855, 223.565704, 0.106002808),
Vector3.new(9.99391174, 226.503174, 0.106002808),
Vector3.new(11.1962128, 228.623657, 0.105987549),
Vector3.new(12.5340729, 229.486603, 0.105987549),
Vector3.new(13.9598389, 229.749359, 0.105987549),
Vector3.new(16.0573883, 228.632294, 0.105987549),
Vector3.new(18.32341, 225.459503, 0.105987549),
Vector3.new(19.7167969, 222.450653, 0.106002808),
Vector3.new(20.6312256, 218.948853, 0.106002808),
Vector3.new(19.4786224, 216.697113, 0.10597229),
Vector3.new(18.4810486, 213.436951, 0.106002808),
Vector3.new(17.1310272, 210.723175, 0.106002808),
Vector3.new(16.3389435, 207.454681, 0.106002808),
Vector3.new(15.7475739, 204.052948, 0.105987549),
Vector3.new(15.5055389, 200.82193, 0.105987549),
Vector3.new(16.7739716, 199.811371, 0.105987549),
Vector3.new(19.9464569, 196.132874, 0.105987549),
Vector3.new(24.1793213, 191.663544, 0.106002808),
Vector3.new(29.5236664, 188.272919, 0.105987549),
Vector3.new(32.3491821, 185.938309, 0.10597229),
Vector3.new(34.1930695, 184.128342, 0.106018066),
Vector3.new(36.0804443, 180.967087, 0.105987549),
Vector3.new(37.5971985, 178.45314, 0.105987549),
Vector3.new(39.046463, 174.695724, 0.10597229),
Vector3.new(40.2538452, 171.988327, 0.106002808),
Vector3.new(42.4299469, 173.726517, 0.10597229),
Vector3.new(44.8780365, 175.133896, 0.105987549),
Vector3.new(47.0502014, 176.207626, 0.106002808),
Vector3.new(47.5744476, 177.822006, -0.0579071045),
Vector3.new(48.6568146, 176.603928, 0.105987549),
Vector3.new(50.0162659, 176.929459, 0.105987549),
Vector3.new(52.59375, 177.193649, 0.106002808),
Vector3.new(55.3850708, 176.904892, 0.106002808),
Vector3.new(58.3186188, 176.396103, 0.10597229),
Vector3.new(60.3045807, 175.492752, 0.105987549),
Vector3.new(62.7089081, 174.219009, 0.106002808),
Vector3.new(64.9844208, 172.759933, 0.105987549),
Vector3.new(66.2624664, 170.795517, 0.106002808),
Vector3.new(66.9382172, 168.482224, 0.106002808),
Vector3.new(67.9512177, 164.544266, 0.106002808),
Vector3.new(67.912674, 161.367722, 0.105941772),
Vector3.new(68.1145935, 158.079773, 0.106018066),
Vector3.new(67.9130554, 155.938492, 0.105987549),
Vector3.new(67.6613007, 154.124954, 0.106002808),
Vector3.new(68.9081879, 152.454742, 0.105987549),
Vector3.new(70.9738464, 149.519363, 0.105987549),
Vector3.new(71.805481, 147.192795, 0.106002808),
Vector3.new(74.9443207, 148.345627, 0.10597229),
Vector3.new(76.9647064, 151.023972, 0.106002808),
Vector3.new(78.8317108, 154.309189, 0.105941772),
Vector3.new(80.6496735, 158.255234, -0.0439910889),
Vector3.new(79.3008575, 155.12001, -0.0763092041),
Vector3.new(77.6152954, 151.930069, -0.0439910889),
Vector3.new(75.3401794, 148.924545, -0.0440368652),
Vector3.new(72.4072418, 147.386078, -0.0439910889),
Vector3.new(71.4801178, 147.843918, -0.0440216064),
Vector3.new(70.6530457, 150.041229, -0.044052124),
Vector3.new(68.5039368, 152.921616, -0.0440063477),
Vector3.new(67.673996, 154.763428, -0.0440063477),
Vector3.new(66.9959869, 153.555756, 0.105987549),
Vector3.new(66.5720062, 151.576691, 0.106033325),
Vector3.new(65.661087, 150.068008, 0.106018066),
Vector3.new(64.6382904, 149.177307, 0.105941772),
Vector3.new(63.7010956, 148.420303, 0.105987549),
Vector3.new(62.9655609, 148.042648, 0.106002808),
Vector3.new(63.7867432, 144.296356, 0.105987549),
Vector3.new(64.9723053, 135.41362, 0.105941772),
Vector3.new(64.8248291, 132.630264, 0.105987549),
Vector3.new(64.9423065, 128.180313, 0.105941772),
Vector3.new(64.5544281, 122.331848, 0.105987549),
Vector3.new(63.7498016, 118.279175, 0.105987549),
Vector3.new(62.8108978, 113.707764, 0.105987549),
Vector3.new(62.1164398, 109.983078, 0.106018066),
Vector3.new(60.1750641, 106.178101, 0.10597229),
Vector3.new(57.6451874, 103.699951, 0.106018066),
Vector3.new(53.7728577, 103.239182, 0.106002808),
Vector3.new(49.8264771, 103.200195, 0.105987549),
Vector3.new(46.4665985, 103.982208, 0.105987549),
Vector3.new(43.4887085, 104.811539, 0.106018066),
Vector3.new(43.9177399, 105.979523, 0.105987549),
Vector3.new(42.581604, 107.031036, 0.10597229),
Vector3.new(40.9341888, 107.703766, 0.106018066),
Vector3.new(39.2578125, 109.47081, 0.10597229),
Vector3.new(38.3885345, 110.581589, 0.106002808),
Vector3.new(36.8397827, 110.790466, 0.105941772),
Vector3.new(35.4536133, 110.134109, 0.105987549),
Vector3.new(33.7065125, 109.369568, 0.105987549),
Vector3.new(32.114624, 109.886353, 0.105941772),
Vector3.new(31.5107269, 111.125488, 0.10597229),
Vector3.new(31.521698, 112.694046, 0.10597229),
Vector3.new(31.2893982, 115.058395, 0.10597229),
Vector3.new(30.2182465, 116.831589, 0.10597229),
Vector3.new(27.9403534, 118.569855, 0.106002808),
Vector3.new(26.9047852, 117.975067, 0.106002808),
Vector3.new(25.6925507, 117.380341, 0.10597229),
Vector3.new(25.013443, 116.294968, 0.105941772),
Vector3.new(24.2202148, 115.014359, 0.106018066),
Vector3.new(24.1787872, 113.391922, 0.106033325),
Vector3.new(24.6510162, 112.427567, 0.10597229),
Vector3.new(24.9265747, 111.323059, 0.10597229),
Vector3.new(24.3223724, 109.919098, 0.105987549),
Vector3.new(24.1689148, 108.786926, 0.105987549),
Vector3.new(24.8524628, 106.415527, 0.105987549),
Vector3.new(25.4194641, 105.309784, 0.10597229),
Vector3.new(25.8798523, 103.826782, 0.105987549),
Vector3.new(26.1696014, 102.230164, 0.105987549),
Vector3.new(25.765152, 100.871185, 0.10597229),
Vector3.new(25.1953278, 99.0983582, 0.105987549),
Vector3.new(24.5626221, 97.8398132, 0.106002808),
Vector3.new(24.5113068, 95.9397888, 0.10597229),
Vector3.new(24.4822083, 94.5324554, 0.106002808),
Vector3.new(25.0346069, 92.9011383, 0.10597229),
Vector3.new(25.9787292, 91.8240662, 0.105987549),
Vector3.new(26.9664459, 91.5501556, 0.105987549),
Vector3.new(28.7036438, 91.9875183, 0.105941772),
Vector3.new(29.4286652, 93.4498749, 0.106002808),
Vector3.new(29.3879852, 95.0341797, 0.106002808),
Vector3.new(28.7263336, 96.9936676, 0.105941772),
Vector3.new(27.7369537, 99.1817322, 0.106002808),
Vector3.new(27.7689667, 101.144989, 0.105987549),
Vector3.new(27.9509125, 103.010406, 0.105987549),
Vector3.new(28.3970032, 105.219833, 0.105987549),
Vector3.new(28.1128387, 106.274506, 0.10597229),
Vector3.new(27.1102753, 107.594315, 0.105987549),
Vector3.new(26.7430115, 108.509079, 0.10597229),
Vector3.new(27.28302, 109.631882, 0.105987549),
Vector3.new(28.6054382, 109.738968, 0.106002808),
Vector3.new(29.1295319, 108.671112, 0.105941772),
Vector3.new(29.4371948, 107.619934, 0.105941772),
Vector3.new(29.5614319, 107.141708, 0.029800415),
Vector3.new(30.4906464, 106.379166, 0.105941772),
Vector3.new(31.604248, 106.436783, 0.105941772),
Vector3.new(32.0311584, 105.731415, 0.105987549),
Vector3.new(32.1667328, 104.1418, 0.106002808),
Vector3.new(32.1845551, 102.504745, 0.105987549),
Vector3.new(32.255661, 100.630997, 0.10597229),
Vector3.new(32.7141418, 99.5444183, 0.106018066),
Vector3.new(33.7239838, 99.3187103, 0.10597229),
Vector3.new(34.4963074, 99.6947937, 0.105987549),
Vector3.new(35.3644257, 101.178314, 0.10597229),
Vector3.new(35.8562317, 102.736618, 0.10597229),
Vector3.new(36.1953735, 104.174927, 0.105987549),
Vector3.new(36.4723663, 104.836029, 0.105941772),
Vector3.new(37.2319031, 105.246597, 0.106002808),
Vector3.new(38.0344849, 105.231735, 0.10597229),
Vector3.new(38.9058533, 104.695267, 0.106002808),
Vector3.new(39.6113739, 103.862549, 0.105987549),
Vector3.new(40.6511688, 103.295044, 0.10597229),
Vector3.new(41.6018524, 103.154541, 0.105987549),
Vector3.new(42.4877777, 103.510956, 0.105987549),
Vector3.new(43.5574646, 103.957047, 0.106002808),
Vector3.new(43.7712555, 105.359573, -0.0440063477),
Vector3.new(43.42099, 106.490143, -0.0440216064),
Vector3.new(42.0579224, 107.279617, -0.0440063477),
Vector3.new(40.4398499, 108.116226, -0.0440063477),
Vector3.new(38.8401489, 109.940582, -0.0439605713),
Vector3.new(37.7302399, 110.753693, -0.0440216064),
Vector3.new(36.09198, 110.335144, -0.0440063477),
Vector3.new(34.6705627, 109.634491, -0.0439758301),
Vector3.new(33.0374451, 109.45134, -0.0440368652),
Vector3.new(31.9008789, 110.39624, -0.0439910889),
Vector3.new(31.6098175, 111.800156, -0.0440063477),
Vector3.new(31.3635101, 113.417236, -0.0439910889),
Vector3.new(30.9897003, 115.651062, -0.044052124),
Vector3.new(29.5587921, 117.146179, -0.0312042236),
Vector3.new(28.3143921, 118.19548, -0.0440063477),
Vector3.new(27.3962708, 118.363708, -0.0440216064),
Vector3.new(26.3039246, 117.575806, -0.0440216064),
Vector3.new(24.8477325, 117.813828, 0.105941772),
Vector3.new(23.6235199, 118.912949, 0.106002808),
Vector3.new(23.2455444, 120.496216, 0.10597229),
Vector3.new(23.5817261, 123.647308, 0.106018066),
Vector3.new(24.2209167, 126.967178, 0.105987549),
Vector3.new(25.2050018, 129.412354, 0.105987549),
Vector3.new(26.5096283, 132.489075, 0.10597229),
Vector3.new(27.7014465, 135.057983, 0.106002808),
Vector3.new(28.9121857, 137.354782, 0.105987549),
Vector3.new(29.7303314, 138.687531, 0.10597229),
Vector3.new(29.3214569, 135.679016, 0.105987549),
Vector3.new(29.0306244, 133.01709, 0.105987549),
Vector3.new(28.7880859, 130.36972, 0.106018066),
Vector3.new(28.6238861, 127.58847, 0.106002808),
Vector3.new(28.5774994, 125.159607, 0.10597229),
Vector3.new(29.018692, 122.229095, 0.106002808),
Vector3.new(29.8367767, 120.39296, 0.105987549),
Vector3.new(30.7795258, 118.370026, 0.105987549),
Vector3.new(32.9523926, 116.784988, 0.10597229),
Vector3.new(34.7708282, 116.484283, 0.105987549),
Vector3.new(37.095047, 116.944794, 0.105987549),
Vector3.new(39.1235657, 117.994736, 0.105987549),
Vector3.new(40.1200867, 120.240387, 0.10597229),
Vector3.new(41.0723877, 122.215439, 0.105987549),
Vector3.new(42.376709, 125.188538, 0.105987549),
Vector3.new(42.9030914, 127.398117, 0.106002808),
Vector3.new(42.9329681, 129.117111, 0.105987549),
Vector3.new(42.1302338, 130.451202, 0.105987549),
Vector3.new(41.0609283, 131.656967, 0.106002808),
Vector3.new(40.1676483, 133.18042, 0.106002808),
Vector3.new(40.417572, 134.833084, 0.105987549),
Vector3.new(41.572403, 136.012131, 0.105987549),
Vector3.new(43.0395203, 135.962387, 0.10597229),
Vector3.new(44.0686035, 135.571594, 0.105987549),
Vector3.new(44.2161407, 132.961853, 0.10597229),
Vector3.new(43.6156006, 130.807709, 0.10597229),
Vector3.new(43.1093292, 128.471283, 0.10597229),
Vector3.new(43.3929138, 129.837997, -0.0440063477),
Vector3.new(43.7839966, 131.741638, -0.0440216064),
Vector3.new(44.153656, 133.541031, -0.0440216064),
Vector3.new(43.9763641, 136.627396, 0.106002808),
Vector3.new(44.1602325, 138.77916, 0.105987549),
Vector3.new(44.6565399, 139.862076, 0.106002808),
Vector3.new(44.9047852, 140.931351, 0.10597229),
Vector3.new(45.2687683, 142.350067, 0.106002808),
Vector3.new(45.1931152, 144.000565, 0.105987549),
Vector3.new(44.5865631, 145.379883, 0.106002808),
Vector3.new(43.8065948, 146.116699, 0.105987549),
Vector3.new(42.539917, 146.286133, 0.106002808),
Vector3.new(41.6670532, 145.432175, 0.105987549),
Vector3.new(41.4119415, 144.731155, 0.105987549),
Vector3.new(41.023941, 143.027786, 0.105941772),
Vector3.new(40.8798828, 141.739319, 0.105987549),
Vector3.new(41.3065033, 140.573105, 0.105987549),
Vector3.new(42.020401, 139.686035, 0.105987549),
Vector3.new(42.8795166, 138.95668, 0.105987549),
Vector3.new(44.3601074, 139.300568, -0.0440063477),
Vector3.new(44.8181305, 140.421844, -0.0440063477),
Vector3.new(45.1278076, 141.727402, -0.0440216064),
Vector3.new(45.2376099, 143.175507, -0.0440368652),
Vector3.new(44.9042053, 144.686752, -0.0440216064),
Vector3.new(44.1634369, 145.685989, -0.0440216064),
Vector3.new(43.6453552, 146.849075, 0.105987549),
Vector3.new(43.5451965, 148.268143, 0.105987549),
Vector3.new(43.4822693, 148.984879, 0.106002808),
Vector3.new(41.0859528, 148.79245, 0.10597229),
Vector3.new(38.0972748, 147.142029, 0.106002808),
Vector3.new(36.4404449, 145.963455, 0.10597229),
Vector3.new(34.3778381, 144.221191, 0.106018066),
Vector3.new(32.3506012, 142.111755, 0.105987549),
Vector3.new(30.5440216, 140.206085, 0.105941772),
Vector3.new(29.233963, 138.16568, -0.0229187012),
Vector3.new(28.1772308, 138.222107, 0.105987549),
Vector3.new(27.1543579, 138.517059, 0.105941772),
Vector3.new(25.9807739, 139.04985, 0.10597229),
Vector3.new(25.3127899, 140.179901, 0.10597229),
Vector3.new(24.3585815, 142.036453, 0.105987549),
Vector3.new(24.3463135, 144.098404, 0.105941772),
Vector3.new(24.6486053, 146.196625, 0.106002808),
Vector3.new(25.4117889, 149.018799, 0.106002808),
Vector3.new(28.3855743, 157.473007, 0.105987549),
Vector3.new(31.7672882, 162.382645, 0.106018066),
Vector3.new(34.195816, 165.743332, 0.106002808),
Vector3.new(35.9849091, 167.728714, 0.10597229),
Vector3.new(37.5844116, 169.454666, 0.105987549),
Vector3.new(38.4626312, 170.26973, 0.105987549),
Vector3.new(39.5537262, 171.246536, 0.10597229),
Vector3.new(40.1316833, 171.825821, 0.105987549),
Vector3.new(38.9044342, 170.542496, -0.0439758301),
Vector3.new(38.0110626, 169.823593, -0.0440216064),
Vector3.new(35.6522064, 167.198105, -0.0440063477),
Vector3.new(33.7489777, 165.254044, -0.0440368652),
Vector3.new(31.4396362, 161.717178, -0.0440063477),
Vector3.new(28.3401031, 156.891693, -0.0185394287),
Vector3.new(26.331192, 153.443771, 0.106002808),
Vector3.new(25.5758972, 152.45816, 0.10597229),
Vector3.new(24.542511, 151.839233, 0.10597229),
Vector3.new(23.3092651, 152.275528, 0.105987549),
Vector3.new(22.3728027, 153.112457, 0.105987549),
Vector3.new(21.9567566, 155.303421, 0.105987549),
Vector3.new(21.5610657, 158.454056, 0.106018066),
Vector3.new(21.7164307, 159.929031, 0.106002808),
Vector3.new(21.4577179, 162.085098, 0.106002808),
Vector3.new(20.8865204, 164.209854, 0.105987549),
Vector3.new(20.0472565, 166.325882, 0.106002808),
Vector3.new(18.3218842, 168.566238, 0.106002808),
Vector3.new(16.4443817, 169.992752, 0.106002808),
Vector3.new(14.0507813, 171.8181, 0.106002808),
Vector3.new(11.5886688, 173.695694, 0.105987549),
Vector3.new(8.47732544, 175.302597, 0.10597229),
Vector3.new(6.02078247, 175.569138, 0.106002808),
Vector3.new(2.31040955, 174.812729, 0.106018066),
Vector3.new(-0.560806274, 173.725754, 0.106002808),
Vector3.new(-4.90635681, 172.548416, 0.10597229),
Vector3.new(-8.27903748, 171.758011, 0.10597229),
Vector3.new(-13.2916412, 170.834335, 0.105987549),
Vector3.new(-17.8148651, 169.984451, 0.105987549),
Vector3.new(-21.8595581, 169.840775, 0.10597229),
Vector3.new(-23.7593384, 171.24437, 0.10597229),
Vector3.new(-24.9393005, 172.360703, 0.106002808),
Vector3.new(-26.3976746, 174.523972, 0.10597229),
Vector3.new(-27.5537262, 177.027115, 0.105987549),
Vector3.new(-28.2149811, 179.410477, 0.105987549),
Vector3.new(-28.7108612, 181.905075, 0.105987549),
Vector3.new(-28.6478424, 184.034683, 0.106002808),
Vector3.new(-28.9811401, 187.05069, 0.10597229),
Vector3.new(-28.7247162, 189.418701, 0.105987549),
Vector3.new(-28.1678772, 191.140411, 0.10597229),
Vector3.new(-26.7803192, 191.976196, 0.10597229),
Vector3.new(-24.5087585, 191.325836, 0.105987549),
Vector3.new(-22.0266724, 191.154999, 0.105987549),
Vector3.new(-18.5640106, 191.863586, 0.105987549),
Vector3.new(-16.1196442, 192.936676, 0.105987549),
Vector3.new(-12.8834686, 195.045258, 0.106002808),
Vector3.new(-9.49250793, 197.256531, 0.106002808),
Vector3.new(-12.101059, 195.610687, -0.0440063477),
Vector3.new(-12.8574829, 196.1716, 0.105987549),
Vector3.new(-13.4876556, 196.653656, 0.10597229),
Vector3.new(-14.6801758, 198.352295, 0.10597229),
Vector3.new(-15.2681732, 199.174744, 0.105987549),
Vector3.new(-16.0597229, 200.916412, 0.10597229),
Vector3.new(-16.6885681, 202.909882, 0.105987549),
Vector3.new(-17.1060181, 204.786835, 0.105987549),
Vector3.new(-17.8943787, 207.368011, 0.105987549),
Vector3.new(-18.6820831, 210.148132, 0.105987549),
Vector3.new(-18.6102142, 211.646454, 0.105987549),
Vector3.new(-19.1620331, 216.524384, 0.10597229),
Vector3.new(-19.6008148, 221.487396, 0.105987549),
Vector3.new(-19.6851196, 225.516602, 0.10597229),
Vector3.new(-20.3447571, 231.810181, 0.106002808),
Vector3.new(-20.4234924, 235.513855, 0.10597229),
Vector3.new(-20.6063385, 238.60022, 0.105987549),
Vector3.new(-20.618576, 239.161285, 0.105987549),
Vector3.new(-20.1201172, 245.586334, 0.106002808),
Vector3.new(-19.8358307, 248.44046, 0.105941772),
Vector3.new(-19.2111969, 250.970764, 0.105987549),
Vector3.new(-18.2235107, 251.297852, 0.106002808),
Vector3.new(-16.4531708, 251.541962, 0.105987549),
Vector3.new(-15.0150909, 251.665009, 0.10597229),
Vector3.new(-13.0187378, 251.422699, 0.10597229),
Vector3.new(-10.1284943, 250.58078, 0.106002808),
Vector3.new(-8.06433105, 249.204926, 0.105987549),
Vector3.new(-7.26509094, 248.712616, 0.106002808),
Vector3.new(-5.06651306, 246.013306, 0.106002808),
Vector3.new(-4.00930786, 243.875183, 0.106018066),
Vector3.new(-2.53562927, 238.836792, 0.10597229),
Vector3.new(-2.32653809, 233.151306, 0.106002808),
Vector3.new(-3.10903931, 230.160004, 0.106002808),
Vector3.new(-2.83580017, 226.983032, 0.10597229),
Vector3.new(-3.015625, 224.245178, 0.10597229),
Vector3.new(-2.56169128, 221.532867, 0.10597229),
Vector3.new(-1.76574707, 219.130157, 0.106002808),
Vector3.new(-0.899291992, 216.936798, 0.106002808),
Vector3.new(0.594436646, 214.696655, 0.105987549),
Vector3.new(1.65388489, 213.166534, 0.10597229),
Vector3.new(3.06510925, 212.126068, 0.10597229),
Vector3.new(5.65194702, 214.68866, -0.0440063477),
Vector3.new(3.07421875, 212.104889, 0.105987549),
Vector3.new(4.50923157, 210.905029, 0.105987549),
Vector3.new(5.47193909, 210.062775, 0.10597229),
Vector3.new(6.69042969, 208.303955, 0.105987549),
Vector3.new(7.5118103, 206.404449, 0.105987549),
Vector3.new(8.07727051, 205.010254, 0.106002808),
Vector3.new(9.21972656, 202.433533, 0.106002808),
Vector3.new(9.60101318, 200.427734, 0.10597229),
Vector3.new(10.4804535, 197.068115, 0.105987549),
Vector3.new(10.4576111, 194.879791, 0.106002808),
Vector3.new(10.9266052, 192.437469, 0.106002808),
Vector3.new(11.0834808, 189.695404, 0.105987549),
Vector3.new(10.9384613, 187.275238, 0.10597229),
Vector3.new(10.8582611, 184.321701, 0.10597229),
Vector3.new(10.506012, 181.810593, 0.105987549),
Vector3.new(10.3383789, 179.052536, 0.105987549),
Vector3.new(9.93501282, 177.720596, 0.106018066),
Vector3.new(9.57926941, 176.329758, 0.106002808),
Vector3.new(9.36332703, 174.865097, -0.0440063477),
Vector3.new(7.78312683, 175.326401, -0.0439910889),
Vector3.new(5.21986389, 175.39064, -0.0440216064),
Vector3.new(1.4750061, 174.348557, -0.0440063477),
Vector3.new(2.63221741, 173.395981, 0.105987549),
Vector3.new(3.14338684, 171.509872, 0.10597229),
Vector3.new(3.37763977, 169.246475, 0.105987549),
Vector3.new(4.38554382, 165.509048, 0.106002808),
Vector3.new(4.6761322, 163.464096, 0.10597229),
Vector3.new(5.49180603, 157.755447, 0.106002808),
Vector3.new(5.38793945, 157.89241, -0.363479614),
Vector3.new(4.5466156, 158.960068, 0.105987549),
Vector3.new(3.50068665, 160.482407, 0.106002808),
Vector3.new(2.67399597, 162.064285, 0.105941772),
Vector3.new(0.983337402, 163.32872, 0.105987549),
Vector3.new(-0.882034302, 165.056046, 0.105987549),
Vector3.new(-3.08583069, 167.059036, 0.106018066),
Vector3.new(-6.06285095, 168.443222, 0.106002808),
Vector3.new(-8.21858215, 169.749405, 0.106002808),
Vector3.new(-10.2001801, 170.397568, 0.105987549),
Vector3.new(-11.7395172, 171.12294, -0.0440063477),
Vector3.new(-9.66622925, 170.132614, -0.0440063477),
Vector3.new(-7.67398071, 169.386032, -0.0440368652),
Vector3.new(-5.38404846, 168.258804, -0.0440216064),
Vector3.new(-2.42398071, 166.568436, -0.0440063477),
Vector3.new(-0.246368408, 164.426987, -0.0440368652),
Vector3.new(1.62254333, 162.71022, -0.0440063477),
Vector3.new(3.07064819, 161.436966, -0.0440063477),
Vector3.new(3.87269592, 159.794388, -0.0440063477),
Vector3.new(4.82200623, 158.403793, -0.262496948),
Vector3.new(6.00541687, 156.57576, 0.10597229),
Vector3.new(7.34973145, 155.023148, 0.106002808),
Vector3.new(7.97431946, 152.90416, 0.106002808),
Vector3.new(8.74232483, 151.208542, 0.105941772),
Vector3.new(9.51506042, 149.822968, 0.10597229),
Vector3.new(10.3227844, 148.71611, 0.106002808),
Vector3.new(10.6996613, 147.727158, 0.10597229),
Vector3.new(10.7986603, 146.398575, 0.10597229),
Vector3.new(11.5323792, 147.082993, 0.106002808),
Vector3.new(12.5531921, 149.042984, 0.105987549),
Vector3.new(13.4478302, 150.759811, 0.105941772),
Vector3.new(12.2228851, 148.311493, -0.0440216064),
Vector3.new(11.2593994, 146.68718, -0.0440216064),
Vector3.new(10.6672516, 147.022186, -0.0440216064),
Vector3.new(10.3967438, 148.17775, -0.0440063477),
Vector3.new(10.7656555, 149.298035, 0.105987549),
Vector3.new(11.2312012, 151.011337, 0.105987549),
Vector3.new(12.0654449, 152.763809, 0.106018066),
Vector3.new(12.6756897, 154.015732, 0.10597229),
Vector3.new(14.5313263, 157.126053, 0.10597229),
Vector3.new(15.9947357, 158.759201, 0.105987549),
Vector3.new(18.3658295, 160.956741, 0.105987549),
Vector3.new(21.0419617, 163.014328, 0.10597229),
Vector3.new(18.8971558, 161.456741, -0.0440368652),
Vector3.new(16.5044098, 159.288925, -0.0440216064),
Vector3.new(15.0034027, 157.65094, -0.0439910889),
Vector3.new(13.0964355, 154.648895, -0.0440216064),
Vector3.new(12.3426208, 153.195999, -0.0440216064),
Vector3.new(11.8113708, 152.038742, -0.0440063477),
Vector3.new(10.9235992, 149.890518, -0.0440063477),
Vector3.new(10.114151, 145.764923, 0.105987549),
Vector3.new(10.4459076, 144.780029, 0.106002808),
Vector3.new(10.0552063, 143.754227, 0.105987549),
Vector3.new(9.45825195, 142.779831, 0.10597229),
Vector3.new(8.91970825, 141.930466, 0.105987549),
Vector3.new(8.44520569, 142.770309, 0.106018066),
Vector3.new(7.26208496, 144.66655, 0.106002808),
Vector3.new(6.62921143, 145.875107, 0.10597229),
Vector3.new(5.42599487, 148.241623, 0.106002808),
Vector3.new(4.13835144, 150.338272, 0.105987549),
Vector3.new(3.13296509, 152.10582, 0.105987549),
Vector3.new(-0.3724823, 155.297684, 0.106018066),
Vector3.new(-4.84983826, 157.044418, 0.106018066),
Vector3.new(-8.53363037, 159.415665, 0.105987549),
Vector3.new(-14.3862152, 161.239456, 0.10597229),
Vector3.new(-18.5128937, 162.790512, 0.106002808),
Vector3.new(-22.5307922, 163.798325, 0.105987549),
Vector3.new(-17.7529449, 162.484451, -0.0440063477),
Vector3.new(-23.7171173, 164.287979, 0.105941772),
Vector3.new(-25.9440765, 164.83519, 0.106002808),
Vector3.new(-29.9004669, 165.55983, 0.105987549),
Vector3.new(-34.0702057, 166.197189, 0.105987549),
Vector3.new(-37.5951996, 166.321793, 0.106002808),
Vector3.new(-41.0973663, 166.604721, 0.105987549),
Vector3.new(-43.7335052, 166.671341, 0.105987549),
Vector3.new(-41.5113983, 168.719376, 0.10597229),
Vector3.new(-38.1834869, 170.665848, 0.10597229),
Vector3.new(-33.0089264, 172.352615, 0.105987549),
Vector3.new(-28.1807404, 173.049026, 0.105987549),
Vector3.new(-25.7798157, 173.472031, -0.0440216064),
Vector3.new(-29.3836517, 172.748642, -0.0440216064),
Vector3.new(-34.7699127, 171.965378, 0.106002808),
Vector3.new(-36.2507782, 171.243973, -0.0440063477),
Vector3.new(-39.6840973, 169.798355, -0.0440063477),
Vector3.new(-42.2525787, 168.09816, -0.0440063477),
Vector3.new(-43.3389435, 167.037735, -0.0440216064),
Vector3.new(-43.4378815, 165.830948, 0.105987549),
Vector3.new(-42.2142181, 165.08757, 0.106002808),
Vector3.new(-40.2435455, 162.557877, 0.105987549),
Vector3.new(-37.5506439, 158.660233, 0.105987549),
Vector3.new(-35.9115448, 155.280228, 0.106002808),
Vector3.new(-34.2839813, 152.885284, 0.105941772),
Vector3.new(-32.7251282, 149.84581, 0.105987549),
Vector3.new(-30.7900543, 146.312378, 0.105987549),
Vector3.new(-28.915329, 142.806076, 0.106002808),
Vector3.new(-25.575592, 137.026215, 0.105941772),
Vector3.new(-21.3503876, 131.141464, 0.10597229),
Vector3.new(-17.3062439, 127.088943, 0.105987549),
Vector3.new(-13.4960327, 124.279984, 0.10597229),
Vector3.new(-9.98043823, 122.553192, 0.10597229),
Vector3.new(-6.98085022, 121.714157, 0.105941772),
Vector3.new(-3.52922058, 121.778442, 0.10597229),
Vector3.new(-0.489517212, 121.671921, 0.106002808),
Vector3.new(1.63755798, 122.038498, 0.105941772),
Vector3.new(2.46237183, 122.287506, 0.106002808),
Vector3.new(3.10682678, 124.527267, 0.105987549),
Vector3.new(3.9418335, 129.126068, 0.10597229),
Vector3.new(4.54086304, 133.00444, 0.105987549),
Vector3.new(6.19155884, 137.131958, 0.105987549),
Vector3.new(8.38497925, 141.235321, 0.106002808),
Vector3.new(8.97236633, 142.158646, 0.10597229),
Vector3.new(8.06114197, 140.540482, -0.0440063477),
Vector3.new(5.92605591, 136.439407, -0.0440216064),
Vector3.new(4.45680237, 132.408203, -0.0439910889),
Vector3.new(4.26939392, 131.533051, -0.0440216064),
Vector3.new(3.83921814, 128.628311, -0.0440063477),
Vector3.new(2.85949707, 123.593246, -0.0439910889),
Vector3.new(2.89845276, 120.15683, 0.105987549),
Vector3.new(2.69700623, 118.322617, 0.105987549),
Vector3.new(2.53283691, 115.080734, 0.105987549),
Vector3.new(2.55693054, 112.232132, 0.105987549),
Vector3.new(2.53993225, 110.272858, 0.106002808),
Vector3.new(1.62863159, 110.97847, 0.105987549),
Vector3.new(0.346099854, 112.153748, 0.105987549),
Vector3.new(-1.01193237, 113.200089, 0.106002808),
Vector3.new(-3.02470398, 114.15126, 0.105987549),
Vector3.new(-5.59729004, 114.498901, 0.10597229),
Vector3.new(-7.87611389, 114.15007, 0.106002808),
Vector3.new(-10.9936066, 114.052612, 0.105987549),
Vector3.new(-13.547821, 112.981842, 0.105987549),
Vector3.new(-16.3770142, 111.273941, 0.106033325),
Vector3.new(-17.9453125, 110.577988, 0.106002808),
Vector3.new(-21.4595337, 109.05983, 0.10597229),
Vector3.new(-22.8124237, 108.39801, 0.10597229),
Vector3.new(-26.2399292, 107.220245, 0.10597229),
Vector3.new(-28.4161682, 106.440216, 0.106002808),
Vector3.new(-31.6569672, 105.401886, 0.106018066),
Vector3.new(-33.0159149, 105.175705, 0.10597229),
Vector3.new(-35.7523346, 104.731293, 0.105987549),
Vector3.new(-40.0291901, 103.629059, 0.106018066),
Vector3.new(-38.0837555, 105.81958, 0.106002808),
Vector3.new(-36.403244, 107.580338, 0.105987549),
Vector3.new(-35.3037567, 108.493973, 0.10597229),
Vector3.new(-33.0773468, 110.343994, 0.105987549),
Vector3.new(-30.5901031, 113.310364, 0.105941772),
Vector3.new(-29.0480804, 115.172516, 0.105987549),
Vector3.new(-26.1705475, 118.019791, 0.106018066),
Vector3.new(-24.4497223, 119.686813, 0.105941772),
Vector3.new(-21.6034698, 122.185959, 0.105987549),
Vector3.new(-19.0695038, 123.780869, 0.10597229),
Vector3.new(-16.6100006, 124.264145, 0.105987549),
Vector3.new(-13.970932, 124.737137, -0.0440063477),
Vector3.new(-17.1952209, 124.20343, -0.0439910889),
Vector3.new(-19.5717163, 123.481506, -0.0440216064),
Vector3.new(-22.1343994, 121.840454, -0.0439910889),
Vector3.new(-24.9804993, 119.381454, -0.00207519531),
Vector3.new(-26.6542206, 117.679504, -0.044052124),
Vector3.new(-29.3401031, 114.749191, -0.0440063477),
Vector3.new(-31.0002289, 112.899765, -0.0440063477),
Vector3.new(-33.5706177, 110.083038, -0.0440063477),
Vector3.new(-35.948349, 108.153336, -0.0135498047),
Vector3.new(-36.9120026, 107.264526, -0.0159912109),
Vector3.new(-37.2415924, 106.658096, -0.0440063477),
Vector3.new(-38.6904755, 105.200409, -0.044052124),
Vector3.new(-39.5221405, 104.379257, -0.0440063477),
Vector3.new(-40.4980927, 103.448227, 0.106018066),
Vector3.new(-39.3318024, 102.785904, 0.105987549),
Vector3.new(-38.0448761, 102.050156, 0.105987549),
Vector3.new(-34.8103485, 99.5556641, 0.10597229),
Vector3.new(-32.6533203, 97.3739319, 0.105941772),
Vector3.new(-30.4032135, 95.5917664, 0.105987549),
Vector3.new(-28.2990875, 94.1480865, 0.105987549),
Vector3.new(-25.4145966, 91.870575, 0.106002808),
Vector3.new(-22.0748291, 90.2524719, 0.105987549),
Vector3.new(-18.7819977, 88.711441, 0.10597229),
Vector3.new(-15.5765228, 87.5357819, 0.105941772),
Vector3.new(-13.5421906, 87.3588409, 0.10597229),
Vector3.new(-10.5989532, 86.4836121, 0.105987549),
Vector3.new(-8.14576721, 86.3588104, 0.105987549),
Vector3.new(-5.16870117, 86.5999603, 0.105987549),
Vector3.new(0.0419311523, 87.7381897, 0.106002808),
Vector3.new(2.16438293, 89.213501, 0.10597229),
Vector3.new(5.62232971, 91.7949066, 0.10597229),
Vector3.new(6.746521, 94.1414795, 0.105987549),
Vector3.new(6.08302307, 95.747879, 0.106002808),
Vector3.new(4.72836304, 98.3840179, 0.10597229),
Vector3.new(3.93467712, 100.555603, 0.10597229),
Vector3.new(3.50679016, 103.498596, 0.106018066),
Vector3.new(2.88046265, 106.372894, 0.10597229),
Vector3.new(2.57806396, 109.483078, 0.10597229),
Vector3.new(2.48570251, 111.184799, -0.0440216064),
Vector3.new(2.90344238, 105.562866, 0.0274810791),
Vector3.new(3.45515442, 102.811188, 0.0561218262),
Vector3.new(4.07633972, 99.9050446, -0.0440063477),
Vector3.new(4.96392822, 97.8520355, -0.0440063477),
Vector3.new(6.25117493, 95.0665894, -0.0439910889),
Vector3.new(7.69319153, 93.2370148, 0.105941772),
Vector3.new(9.88555908, 89.8779602, 0.106002808),
Vector3.new(12.0820007, 86.3241425, 0.10597229),
Vector3.new(14.0917664, 84.1035767, 0.10597229),
Vector3.new(16.6513672, 81.1907959, 0.106018066),
Vector3.new(18.2164307, 79.4243469, 0.105987549),
Vector3.new(14.5582733, 83.3897095, -0.0440216064),
Vector3.new(12.5086212, 85.7726593, -0.0440368652),
Vector3.new(10.4011841, 88.9254761, -0.0440063477),
Vector3.new(8.20275879, 92.2773895, -0.0440063477),
Vector3.new(7.09355164, 93.7230072, 0.105987549),
Vector3.new(6.73190308, 92.3633423, 0.106002808),
Vector3.new(6.16912842, 91.304306, 0.106018066),
Vector3.new(5.65238953, 89.3542023, 0.106033325),
Vector3.new(5.05822754, 86.9947205, 0.10597229),
Vector3.new(4.55477905, 84.2248077, 0.105941772),
Vector3.new(4.08764648, 82.2744751, 0.10597229),
Vector3.new(3.48875427, 80.8944244, 0.106002808),
Vector3.new(2.5980072, 75.6371002, 0.105987549),
Vector3.new(2.08158875, 74.3958588, 0.10597229),
Vector3.new(0.373809814, 73.4977722, 0.10597229),
Vector3.new(-2.11366272, 72.4388885, 0.10597229),
Vector3.new(-5.3500061, 71.4183655, 0.105987549),
Vector3.new(-9.35917664, 72.2866669, 0.10597229),
Vector3.new(-14.8831329, 73.7024078, 0.105987549),
Vector3.new(-19.6994781, 74.5952148, 0.105987549),
Vector3.new(-23.1692963, 75.5215912, 0.105941772),
Vector3.new(-26.9032745, 76.5948029, 0.106002808),
Vector3.new(-29.1374359, 77.4631042, 0.105987549),
Vector3.new(-33.0348053, 79.3980103, 0.105987549),
Vector3.new(-34.7160034, 80.6009064, 0.105987549),
Vector3.new(-35.8603058, 82.2846832, 0.106002808),
Vector3.new(-34.4715424, 82.5669403, 0.105987549),
Vector3.new(-31.6434174, 82.7812805, 0.10597229),
Vector3.new(-29.8598785, 83.1391296, 0.105987549),
Vector3.new(-26.7240601, 83.8156128, 0.10597229),
Vector3.new(-24.8198853, 84.8044586, 0.106018066),
Vector3.new(-20.8687439, 85.8250122, 0.105941772),
Vector3.new(-18.3158569, 87.5641937, 0.10597229),
Vector3.new(-17.2190704, 88.1278381, -0.0440216064),
Vector3.new(-18.8460846, 87.171524, -0.0440063477),
Vector3.new(-21.4072723, 85.5310059, -0.0129394531),
Vector3.new(-25.3218536, 84.4264984, -0.0440216064),
Vector3.new(-27.5040283, 83.6921844, -0.0439910889),
Vector3.new(-30.3873901, 82.8802948, 0.0383758545),
Vector3.new(-32.5498199, 82.5824738, -0.0440368652),
Vector3.new(-35.2072601, 82.3195953, -0.0440063477),
Vector3.new(-36.8815155, 82.6000061, 0.105987549),
Vector3.new(-38.2944794, 82.6365814, 0.105987549),
Vector3.new(-39.9296417, 82.450592, 0.105987549),
Vector3.new(-40.2497711, 81.5332489, 0.105987549),
Vector3.new(-39.4977264, 79.7605438, 0.105941772),
Vector3.new(-38.2879791, 76.5898438, 0.10597229),
Vector3.new(-37.485672, 73.2593842, 0.105987549),
Vector3.new(-36.1258698, 70.6441956, 0.105987549),
Vector3.new(-34.8961639, 68.1165314, 0.106018066),
Vector3.new(-33.3595886, 65.3065186, 0.105987549),
Vector3.new(-31.0072784, 60.9830322, 0.105987549),
Vector3.new(-28.5348969, 56.6106873, 0.105987549),
Vector3.new(-26.4246063, 53.484436, 0.10597229),
Vector3.new(-24.6431122, 50.9359741, 0.10597229),
Vector3.new(-23.7458344, 49.9501953, 0.106002808),
Vector3.new(-21.9733429, 48.2767639, 0.106018066),
Vector3.new(-19.9046783, 46.0052032, 0.10597229),
Vector3.new(-17.4117737, 44.1207581, 0.106002808),
Vector3.new(-14.5078735, 42.2299957, 0.105941772),
Vector3.new(-12.9654846, 41.367691, 0.106002808),
Vector3.new(-11.1268616, 40.8829498, 0.10597229),
Vector3.new(-9.53425598, 40.6715698, 0.10597229),
Vector3.new(-7.95481873, 41.99823, 0.105987549),
Vector3.new(-6.66052246, 45.0392151, 0.10597229),
Vector3.new(-5.14611816, 48.2285156, 0.106002808),
Vector3.new(-4.55578613, 49.8740082, 0.105987549),
Vector3.new(-2.89482117, 56.1638489, 0.105987549),
Vector3.new(0.0788269043, 66.2046967, 0.105987549),
Vector3.new(2.88088989, 77.6280975, -0.0440216064),
Vector3.new(0.395675659, 66.8129883, 0.106002808),
Vector3.new(-2.65698242, 56.9087219, -0.0440216064),
Vector3.new(-4.3213501, 50.585495, -0.0440368652),
Vector3.new(-6.41545105, 45.6582642, -0.0439910889),
Vector3.new(-7.45898438, 42.9237823, -0.0440368652),
Vector3.new(-8.54708862, 40.3417511, 0.10597229),
Vector3.new(-11.1533508, 36.5143585, 0.105941772),
Vector3.new(-12.8371277, 33.076355, 0.105987549),
Vector3.new(-14.7881012, 30.0064926, 0.106002808),
Vector3.new(-18.3768463, 24.2611847, 0.105987549),
Vector3.new(-22.3373108, 17.816391, 0.106002808),
Vector3.new(-29.0825043, 7.57535553, 0.106002808),
Vector3.new(-31.1659088, 3.81945801, 0.106002808),
Vector3.new(-32.5919342, 0.668579102, 0.105941772),
Vector3.new(-31.6450195, 2.80172729, -0.0440368652),
Vector3.new(-32.6540222, 3.34997559, 0.106018066),
Vector3.new(-34.3776398, 4.60569763, 0.105941772),
Vector3.new(-35.9255524, 6.72266388, 0.106002808),
Vector3.new(-37.9477692, 9.09076691, 0.106018066),
Vector3.new(-39.5883942, 11.5850296, 0.10597229),
Vector3.new(-41.0391388, 13.1049042, 0.105987549),
Vector3.new(-41.8498077, 13.7620087, 0.10597229),
Vector3.new(-43.8010712, 13.9700317, 0.106018066),
Vector3.new(-47.3347931, 13.8716431, 0.106002808),
Vector3.new(-51.3897247, 14.3413391, 0.105941772),
Vector3.new(-59.3981476, 14.3664398, 0.10597229),
Vector3.new(-50.3761444, 14.2720795, -0.0440216064),
Vector3.new(-46.8123932, 14.0026398, -0.0440368652),
Vector3.new(-43.033371, 13.6958771, 0.10597229),
Vector3.new(-41.4839325, 13.3855438, -0.0440216064),
Vector3.new(-40.5200348, 13.3239136, 0.106033325),
Vector3.new(-39.736496, 13.9413605, 0.10597229),
Vector3.new(-38.8524017, 13.4743195, 0.105987549),
Vector3.new(-38.0063019, 11.8614578, 0.105987549),
Vector3.new(-36.1598663, 9.65003204, 0.106002808),
Vector3.new(-34.400589, 8.28388214, 0.105987549),
Vector3.new(-31.4974213, 6.52721405, 0.105941772),
Vector3.new(-30.3309937, 5.44192505, -0.0440368652),
Vector3.new(-32.1701202, 6.85544586, -0.0440063477),
Vector3.new(-34.951416, 8.72049713, -0.0440673828),
Vector3.new(-36.6762543, 9.99947357, 0.106002808),
Vector3.new(-38.3548737, 12.3217545, -0.0440063477),
Vector3.new(-40.4036713, 15.362793, 0.106002808),
Vector3.new(-41.4498138, 17.5917969, 0.10597229),
Vector3.new(-43.3344574, 20.3392487, 0.105987549),
Vector3.new(-45.515274, 24.2084808, 0.106002808),
Vector3.new(-46.5967865, 26.4279633, 0.106002808),
Vector3.new(-47.8721466, 29.3885345, 0.10597229),
Vector3.new(-48.7979584, 31.901062, 0.105941772),
Vector3.new(-50.0647125, 36.2175751, 0.106002808),
Vector3.new(-51.0264435, 39.0058441, 0.106002808),
Vector3.new(-52.5131378, 43.3500214, 0.105987549),
Vector3.new(-53.8315277, 47.8291321, 0.105987549),
Vector3.new(-54.4927826, 50.2555542, 0.10597229),
Vector3.new(-53.1667633, 50.6132813, 0.106002808),
Vector3.new(-51.2393036, 49.9718933, 0.105987549),
Vector3.new(-48.7021027, 49.9946136, 0.10597229),
Vector3.new(-46.8996429, 50.5868683, 0.105941772),
Vector3.new(-45.2709503, 51.1958008, 0.10597229),
Vector3.new(-42.3811798, 51.5862885, 0.106002808),
Vector3.new(-38.7248688, 51.3076324, 0.105941772),
Vector3.new(-35.105545, 51.0319061, 0.105941772),
Vector3.new(-32.4081268, 50.7177582, 0.10597229),
Vector3.new(-28.7824402, 50.3547363, 0.106002808),
Vector3.new(-26.4558716, 49.9721985, 0.10597229),
Vector3.new(-25.2776184, 49.8143768, 0.106002808),
Vector3.new(-23.0177307, 49.3914642, -0.0440216064),
Vector3.new(-21.4491425, 47.7039185, -0.0440063477),
Vector3.new(-19.2088623, 45.552948, -0.0439910889),
Vector3.new(-16.6611938, 43.5874634, -0.0440216064),
Vector3.new(-13.7296143, 41.8960266, -0.0440216064),
Vector3.new(-12.0329132, 41.0697937, -0.044052124),
Vector3.new(-10.1337433, 40.688858, -0.0439910889),
Vector3.new(-8.43647766, 40.8008575, -0.0691680908),
Vector3.new(-24.4168243, 14.4519958, -0.044052124),
Vector3.new(-32.3350372, 1.354599, -0.0913085938),
Vector3.new(-32.5263672, 0.476791382, 0.105987549),
Vector3.new(-0.00721740723, 0.570419312, 0.106002808),
Vector3.new(0.342956543, 1.56040955, 0.106033325),
Vector3.new(2.18745422, 3.34526062, 0.105987549),
Vector3.new(3.2960968, 5.35232544, 0.106002808),
Vector3.new(5.13975525, 8.12680817, 0.10597229),
Vector3.new(7.76454163, 12.1734085, 0.105987549),
Vector3.new(12.5990143, 18.3692169, 0.105987549),
Vector3.new(16.0812073, 22.8431702, 0.105987549),
Vector3.new(19.1578369, 29.6031799, 0.106018066),
Vector3.new(20.7068024, 33.9026489, 0.105941772),
Vector3.new(23.0952301, 37.9341736, 0.106002808),
Vector3.new(25.8882904, 43.6822968, 0.105987549),
Vector3.new(28.2050781, 48.227417, 0.105987549),
Vector3.new(29.2608337, 50.846283, 0.105941772),
Vector3.new(30.4160461, 53.6247864, 0.10597229),
Vector3.new(31.6398163, 56.9549561, 0.106002808),
Vector3.new(32.8634491, 60.2319946, 0.105941772),
Vector3.new(34.27565, 62.3609772, 0.10597229),
Vector3.new(35.5440674, 63.8221893, 0.106002808),
Vector3.new(33.4966736, 65.8023682, 0.10597229),
Vector3.new(36.1876221, 63.5469818, 0.105987549),
Vector3.new(39.4979858, 61.8429108, 0.106002808),
Vector3.new(42.4691315, 59.4190063, 0.10597229),
Vector3.new(45.422699, 57.2691193, 0.106002808),
Vector3.new(49.1628723, 54.8640137, 0.105987549),
Vector3.new(52.4228821, 52.7333984, 0.106002808),
Vector3.new(54.1324463, 50.8962555, 0.106002808),
Vector3.new(56.8569489, 49.1483002, -0.0440216064),
Vector3.new(54.5918121, 50.4888153, -0.072265625),
Vector3.new(52.7601776, 52.22052, -0.0440368652),
Vector3.new(51.7289124, 53.0955811, -0.0440063477),
Vector3.new(51.2345734, 51.8119049, 0.10597229),
Vector3.new(50.5109406, 49.6024628, 0.106002808),
Vector3.new(49.533493, 47.2819519, 0.10597229),
Vector3.new(48.6579437, 43.7224121, 0.10597229),
Vector3.new(48.2513275, 39.2294006, 0.106002808),
Vector3.new(47.0758667, 33.2057648, 0.10597229),
Vector3.new(46.4810638, 29.6987762, 0.105987549),
Vector3.new(46.1318054, 26.8414383, 0.105987549),
Vector3.new(45.6843719, 23.3208466, 0.105987549),
Vector3.new(44.9285736, 17.0416718, 0.105987549),
Vector3.new(44.5332794, 14.5254364, 0.10597229),
Vector3.new(43.6834717, 10.3167038, 0.105941772),
Vector3.new(42.7938995, 6.22856903, 0.106002808),
Vector3.new(42.4878082, 4.24424744, 0.105987549),
Vector3.new(42.283783, 1.9989624, 0.10597229),
Vector3.new(42.2173767, 0.432983398, 0.105987549),
Vector3.new(44.4776459, 0.525299072, 0.106033325),
Vector3.new(0.077255249, 0.482376099, 0.105941772),
Vector3.new(0, 0, 0)}
