return {
	Vector3.new(11.7656326, 0.157954216, 0),
	Vector3.new(5.58289528, 4.81313753, 0),
	Vector3.new(6.22621727, 2.81878376, 0),
	Vector3.new(-9.64935589, 2.80610466, 0),
	Vector3.new(-10.2049904, 2.95389175, 0),
	Vector3.new(-10.9196339, 3.36926842, 0),
	Vector3.new(-11.5237417, 4.01263952, 0),
	Vector3.new(-11.7997789, 4.75236464, 0),
	Vector3.new(-11.7751427, 20.8572617, 0),
	Vector3.new(-11.6331873, 21.5032578, 0),
	Vector3.new(-11.0860691, 22.2327061, 0),
	Vector3.new(-10.4724579, 22.6233215, 0),
	Vector3.new(-9.69040489, 22.9396629, 0),
	Vector3.new(9.61227417, 22.8534851, 0),
	Vector3.new(10.0552845, 22.7913361, 0),
	Vector3.new(10.4366093, 22.5958691, 0),
	Vector3.new(11.1367188, 22.1290817, 0),
	Vector3.new(11.4975815, 21.5915165, 0),
	Vector3.new(11.7721863, 20.8932457, 0),
	Vector3.new(11.7086582, 0.225343704, 0),
	Vector3.new(11.5770264, 0.446216583, 0),
	Vector3.new(11.62677, 20.8973255, 0),
	Vector3.new(11.5395947, 21.1500893, 0),
	Vector3.new(11.4336166, 0.618728638, 0),
	Vector3.new(11.2746086, 0.727636337, 0),
	Vector3.new(11.4775677, 21.3463974, 0),
	Vector3.new(11.3734531, 21.5439301, 0),
	Vector3.new(11.1416969, 0.776391029, 0),
	Vector3.new(10.978241, 0.880895615, 0),
	Vector3.new(11.2426395, 21.748682, 0),
	Vector3.new(11.375618, 21.6070442, 0),
	Vector3.new(11.1214752, 21.9327698, 0),
	Vector3.new(10.8316231, 0.983757019, 0),
	Vector3.new(10.719101, 1.13240337, 0),
	Vector3.new(10.996191, 22.0990906, 0),
	Vector3.new(10.9030819, 22.2619629, 0),
	Vector3.new(10.6403179, 1.13820648, 0),
	Vector3.new(10.7188721, 22.3650208, 0),
	Vector3.new(10.8232822, 22.2203064, 0),
	Vector3.new(10.8015575, 19.9427299, 0),
	Vector3.new(10.5534763, 22.4381638, 0),
	Vector3.new(10.5894661, 1.15807819, 0),
	Vector3.new(10.4599075, 1.26620865, 0),
	Vector3.new(10.4019661, 22.5397797, 0),
	Vector3.new(10.2859917, 22.5919399, 0),
	Vector3.new(10.2957573, 1.40332603, 0),
	Vector3.new(10.1484146, 1.53959084, 0),
	Vector3.new(10.17033, 22.6697731, 0),
	Vector3.new(10.0626869, 22.7432785, 0),
	Vector3.new(9.97244453, 1.65999413, 0),
	Vector3.new(9.80884933, 1.79405403, 0),
	Vector3.new(9.89989853, 22.7422657, 0),
	Vector3.new(9.74401855, 22.7774086, 0),
	Vector3.new(9.65278244, 1.85848331, 0),
	Vector3.new(9.48582458, 2.01620483, 0),
	Vector3.new(9.59957886, 22.7676811, 0),
	Vector3.new(9.4739151, 22.8101349, 0),
	Vector3.new(9.34374046, 2.10395336, 0),
	Vector3.new(9.18745422, 2.25513268, 0),
	Vector3.new(9.30460358, 22.7848206, 0),
	Vector3.new(9.17104149, 22.7515335, 0),
	Vector3.new(9.02968979, 2.3358469, 0),
	Vector3.new(8.87846756, 2.50922871, 0),
	Vector3.new(9.04548264, 22.7770519, 0),
	Vector3.new(8.89197922, 22.8029022, 0),
	Vector3.new(8.73467636, 2.58634949, 0),
	Vector3.new(8.59715462, 2.70180511, 0),
	Vector3.new(8.74496651, 22.7726555, 0),
	Vector3.new(8.6000576, 22.792675, 0),
	Vector3.new(8.45231628, 2.8070631, 0),
	Vector3.new(8.33409882, 2.89121437, 0),
	Vector3.new(8.47569656, 22.8343124, 0),
	Vector3.new(8.37735748, 22.8153191, 0),
	Vector3.new(8.2104454, 3.01052952, 0),
	Vector3.new(8.0673027, 3.08044147, 0),
	Vector3.new(8.2257576, 22.7904224, 0),
	Vector3.new(8.08743668, 22.7808037, 0),
	Vector3.new(8.02465057, 10.486805, 0),
	Vector3.new(7.94203186, 11.0822983, 0),
	Vector3.new(7.62794113, 12.7911024, 0),
	Vector3.new(7.0829792, 14.2385826, 0),
	Vector3.new(6.63059235, 15.2426243, 0),
	Vector3.new(6.23905563, 16.0440788, 0),
	Vector3.new(5.63012695, 16.6021671, 0),
	Vector3.new(4.44666862, 17.149662, 0),
	Vector3.new(3.29606915, 17.4873638, 0),
	Vector3.new(2.23532295, 17.6176052, 0),
	Vector3.new(2.01083946, 17.4509735, 0),
	Vector3.new(2.15143394, 17.2786674, 0),
	Vector3.new(2.52554893, 17.099556, 0),
	Vector3.new(3.18494606, 16.8919945, 0),
	Vector3.new(4.42651463, 16.4223843, 0),
	Vector3.new(5.20864296, 15.9901981, 0),
	Vector3.new(4.2980957, 16.4592018, 0),
	Vector3.new(3.25779343, 16.7298393, 0),
	Vector3.new(2.25467682, 17.0068359, 0),
	Vector3.new(0.534883499, 17.1412754, 0),
	Vector3.new(-0.60435009, 17.1512699, 0),
	Vector3.new(-2.81127357, 16.8869629, 0),
	Vector3.new(-4.23182678, 16.4837456, 0),
	Vector3.new(-5.3193779, 16.041296, 0),
	Vector3.new(-3.87849379, 16.7673931, 0),
	Vector3.new(-3.03727913, 17.0153084, 0),
	Vector3.new(-2.07298851, 17.2884922, 0),
	Vector3.new(-1.92113876, 17.4603405, 0),
	Vector3.new(-2.08828163, 17.6154175, 0),
	Vector3.new(-2.53735256, 17.6512508, 0),
	Vector3.new(-3.11478567, 17.5405083, 0),
	Vector3.new(-4.0609951, 17.2958679, 0),
	Vector3.new(-5.16958189, 16.8885403, 0),
	Vector3.new(-5.91786957, 16.441925, 0),
	Vector3.new(-6.31691265, 15.8998919, 0),
	Vector3.new(-6.97601604, 14.7220993, 0),
	Vector3.new(-7.58208036, 12.6241226, 0),
	Vector3.new(-7.83421421, 11.4313564, 0),
	Vector3.new(-8.005023, 9.79154205, 0),
	Vector3.new(-7.94440556, 9.45302296, 0),
	Vector3.new(-7.49344063, 8.9728241, 0),
	Vector3.new(-6.90159988, 8.5077095, 0),
	Vector3.new(-5.91081095, 8.17512417, 0),
	Vector3.new(-4.81978512, 7.90569544, 0),
	Vector3.new(-3.8276763, 7.74364567, 0),
	Vector3.new(-3.57805777, 7.97491455, 0),
	Vector3.new(-3.09993601, 8.57725143, 0),
	Vector3.new(-2.89750481, 8.85786629, 0),
	Vector3.new(-3.18623209, 9.02858353, 0),
	Vector3.new(-4.10393, 9.3842926, 0),
	Vector3.new(-4.71394205, 9.69687462, 0),
	Vector3.new(-5.22919464, 10.1238441, 0),
	Vector3.new(-4.46753693, 9.68940258, 0),
	Vector3.new(-3.51369953, 9.44491196, 0),
	Vector3.new(-2.16392517, 9.07190132, 0),
	Vector3.new(-1.2524786, 8.93057537, 0),
	Vector3.new(-0.179759979, 8.83462715, 0),
	Vector3.new(1.13740826, 8.89321136, 0),
	Vector3.new(2.17717361, 8.99552917, 0),
	Vector3.new(2.92377472, 9.18212414, 0),
	Vector3.new(4.16322708, 9.61859131, 0),
	Vector3.new(5.15746689, 10.1586046, 0),
	Vector3.new(4.19088745, 9.49747276, 0),
	Vector3.new(3.30449677, 9.15612316, 0),
	Vector3.new(2.91522121, 9.00039291, 0),
	Vector3.new(2.94107628, 8.70640564, 0),
	Vector3.new(3.36168861, 8.25481796, 0),
	Vector3.new(3.71164513, 7.93202305, 0),
	Vector3.new(4.35419464, 7.91533661, 0),
	Vector3.new(5.14077187, 8.0411644, 0),
	Vector3.new(6.29354477, 8.35969639, 0),
	Vector3.new(7.1714325, 8.83455276, 0),
	Vector3.new(7.99407768, 9.53456593, 0),
	Vector3.new(8.06650352, 9.57966805, 0),
	Vector3.new(8.05086327, 10.46068, 0),
	Vector3.new(8.07690811, 9.63553905, 0),
	Vector3.new(7.99413681, 9.4657402, 0),
	Vector3.new(7.94409561, 3.13608074, 0),
	Vector3.new(7.79833603, 3.28366089, 0),
	Vector3.new(7.86925888, 9.39368725, 0),
	Vector3.new(7.7570076, 9.28702164, 0),
	Vector3.new(7.71322632, 9.2772789, 0),
	Vector3.new(7.66314316, 3.37832355, 0),
	Vector3.new(7.49767113, 3.53307962, 0),
	Vector3.new(7.59346962, 9.13196754, 0),
	Vector3.new(7.43044472, 8.99149799, 0),
	Vector3.new(7.32803154, 3.59333849, 0),
	Vector3.new(7.19159889, 3.77273607, 0),
	Vector3.new(7.29650497, 8.88935661, 0),
	Vector3.new(7.16004562, 8.83675575, 0),
	Vector3.new(7.06303787, 3.7923851, 0),
	Vector3.new(6.91905594, 3.93890762, 0),
	Vector3.new(7.03474617, 8.75174904, 0),
	Vector3.new(6.94614983, 8.70279789, 0),
	Vector3.new(6.79455757, 3.97153616, 0),
	Vector3.new(6.68445969, 4.10072803, 0),
	Vector3.new(6.83522606, 8.62388229, 0),
	Vector3.new(6.70562553, 8.56884003, 0),
	Vector3.new(6.53551483, 4.14515018, 0),
	Vector3.new(6.38934326, 4.28558636, 0),
	Vector3.new(6.55417252, 8.48818588, 0),
	Vector3.new(6.46106339, 8.39723873, 0),
	Vector3.new(6.24267006, 4.40401506, 0),
	Vector3.new(6.11105156, 4.54999733, 0),
	Vector3.new(6.35277939, 8.37007904, 0),
	Vector3.new(6.25375938, 8.36942291, 0),
	Vector3.new(5.96717644, 4.61483574, 0),
	Vector3.new(5.85284042, 4.71335125, 0),
	Vector3.new(6.1269989, 8.31027699, 0),
	Vector3.new(6.00802231, 8.29523277, 0),
	Vector3.new(5.71910286, 4.83030796, 0),
	Vector3.new(5.60104561, 4.859272, 0),
	Vector3.new(5.85214615, 8.2591629, 0),
	Vector3.new(5.71855545, 8.10718346, 0),
	Vector3.new(5.2092495, 2.89283943, 0),
	Vector3.new(5.32335281, 2.91505432, 0),
	Vector3.new(5.54325676, 4.69091558, 0),
	Vector3.new(5.6071167, 4.62749529, 0),
	Vector3.new(5.45139503, 2.89322662, 0),
	Vector3.new(5.56880951, 2.89282036, 0),
	Vector3.new(5.68247604, 4.26721621, 0),
	Vector3.new(5.77885437, 4.06543779, 0),
	Vector3.new(5.66504478, 2.84966946, 0),
	Vector3.new(5.77181435, 2.88141346, 0),
	Vector3.new(5.8543644, 3.77815533, 0),
	Vector3.new(5.9512043, 3.54354, 0),
	Vector3.new(5.88949966, 2.85958195, 0),
	Vector3.new(5.98574638, 2.86995602, 0),
	Vector3.new(6.02756119, 3.12675667, 0),
	Vector3.new(5.07827377, 2.89451408, 0),
	Vector3.new(5.58772659, 8.09531403, 0),
	Vector3.new(5.44942093, 8.00835037, 0),
	Vector3.new(4.96490097, 2.89001179, 0),
	Vector3.new(4.85234833, 2.9086628, 0),
	Vector3.new(5.3234787, 8.00827217, 0),
	Vector3.new(5.17417717, 7.9811964, 0),
	Vector3.new(4.73739243, 2.97454453, 0),
	Vector3.new(4.62629128, 2.96956062, 0),
	Vector3.new(5.06568527, 7.95407438, 0),
	Vector3.new(4.93936157, 7.96716595, 0),
	Vector3.new(4.49735832, 2.94008446, 0),
	Vector3.new(4.32975578, 2.93253422, 0),
	Vector3.new(4.78995323, 7.91276455, 0),
	Vector3.new(4.65233612, 7.8715353, 0),
	Vector3.new(4.16224384, 2.90117264, 0),
	Vector3.new(4.01305771, 2.84656239, 0),
	Vector3.new(4.53966331, 7.87114048, 0),
	Vector3.new(4.39979362, 7.84327602, 0),
	Vector3.new(3.84329414, 2.86280441, 0),
	Vector3.new(3.74890423, 2.88246918, 0),
	Vector3.new(4.2864418, 7.84285259, 0),
	Vector3.new(4.18708038, 7.84248209, 0),
	Vector3.new(3.61698151, 2.94811249, 0),
	Vector3.new(3.44648647, 2.86878681, 0),
	Vector3.new(4.03123283, 7.81434345, 0),
	Vector3.new(3.90227222, 7.84141922, 0),
	Vector3.new(3.31285477, 2.81459999, 0),
	Vector3.new(3.19853306, 2.80938148, 0),
	Vector3.new(3.78776646, 7.86850739, 0),
	Vector3.new(3.67344284, 7.89555264, 0),
	Vector3.new(3.06842422, 2.92362213, 0),
	Vector3.new(2.95261955, 2.87050056, 0),
	Vector3.new(3.56000137, 8.01761627, 0),
	Vector3.new(3.4062376, 8.16451645, 0),
	Vector3.new(2.80179691, 2.91171551, 0),
	Vector3.new(2.66324043, 2.9395771, 0),
	Vector3.new(3.30762863, 8.26930428, 0),
	Vector3.new(3.21191502, 8.35887527, 0),
	Vector3.new(2.51970291, 2.89866734, 0),
	Vector3.new(2.37967777, 2.93468571, 0),
	Vector3.new(3.13107681, 8.47647476, 0),
	Vector3.new(3.05008125, 8.57498455, 0),
	Vector3.new(2.26600075, 2.92374516, 0),
	Vector3.new(2.1322279, 2.91362953, 0),
	Vector3.new(2.970397, 8.63432693, 0),
	Vector3.new(2.89647579, 8.73539925, 0),
	Vector3.new(2.00281048, 2.83117485, 0),
	Vector3.new(1.91424084, 2.89594841, 0),
	Vector3.new(2.86574364, 9.17591763, 0),
	Vector3.new(2.76198292, 9.12150955, 0),
	Vector3.new(1.75906944, 2.87834358, 0),
	Vector3.new(1.65033436, 2.87308025, 0),
	Vector3.new(2.62570763, 9.03139114, 0),
	Vector3.new(2.49312878, 9.02646828, 0),
	Vector3.new(1.50156021, 2.82350731, 0),
	Vector3.new(1.39023972, 2.87063408, 0),
	Vector3.new(2.38945389, 9.03227711, 0),
	Vector3.new(2.28099346, 8.99859428, 0),
	Vector3.new(1.23945236, 2.95074558, 0),
	Vector3.new(1.10643864, 2.85494804, 0),
	Vector3.new(2.17183113, 8.98353577, 0),
	Vector3.new(2.08686066, 8.97658253, 0),
	Vector3.new(0.966810226, 2.91088104, 0),
	Vector3.new(0.859175682, 2.90453339, 0),
	Vector3.new(1.93803406, 8.94931984, 0),
	Vector3.new(1.84517097, 8.9337492, 0),
	Vector3.new(0.72006321, 2.89875984, 0),
	Vector3.new(0.573377609, 2.90164948, 0),
	Vector3.new(1.73361778, 8.95043945, 0),
	Vector3.new(1.60167885, 8.94627094, 0),
	Vector3.new(0.411763191, 2.87234116, 0),
	Vector3.new(1.5109272, 8.83832359, 0),
	Vector3.new(1.3477354, 8.82373428, 0),
	Vector3.new(0.279179573, 2.92957783, 0),
	Vector3.new(0.168134689, 2.90425014, 0),
	Vector3.new(1.21373844, 8.81349754, 0),
	Vector3.new(1.10042953, 8.84043789, 0),
	Vector3.new(0.0413331985, 2.83757782, 0),
	Vector3.new(-0.0465736389, 2.89588547, 0),
	Vector3.new(0.980893135, 8.84630775, 0),
	Vector3.new(0.871257782, 8.85477448, 0),
	Vector3.new(-0.137537003, 2.92635822, 0),
	Vector3.new(-0.230966568, 2.95000839, 0),
	Vector3.new(0.733202934, 8.85096169, 0),
	Vector3.new(0.583515167, 8.87568855, 0),
	Vector3.new(-0.335213661, 2.93267345, 0),
	Vector3.new(-0.447078705, 2.92403221, 0),
	Vector3.new(0.44122982, 8.86073112, 0),
	Vector3.new(0.271929741, 8.86248207, 0),
	Vector3.new(-0.441281319, 2.93756771, 0),
	Vector3.new(-0.504516602, 2.84112358, 0),
	Vector3.new(0.0873441696, 8.81443024, 0),
	Vector3.new(-0.0586032867, 8.81838226, 0),
	Vector3.new(-0.473542213, 2.88302422, 0),
	Vector3.new(-0.578924179, 2.86365795, 0),
	Vector3.new(-0.192237854, 8.7905035, 0),
	Vector3.new(-0.332138062, 8.8081398, 0),
	Vector3.new(-0.566771507, 2.92322445, 0),
	Vector3.new(-0.616307259, 2.88419151, 0),
	Vector3.new(-0.466306686, 8.82248592, 0),
	Vector3.new(-0.589320183, 8.82181549, 0),
	Vector3.new(-0.69926548, 2.90351486, 0),
	Vector3.new(-0.698043823, 8.86528111, 0),
	Vector3.new(-0.818264008, 8.78717899, 0),
	Vector3.new(-0.841462135, 2.92656994, 0),
	Vector3.new(-0.943284035, 2.95961761, 0),
	Vector3.new(-0.966088295, 8.8301506, 0),
	Vector3.new(-1.09012032, 8.8674221, 0),
	Vector3.new(-1.03944016, 2.86421013, 0),
	Vector3.new(-1.1741991, 2.91085815, 0),
	Vector3.new(-1.22807121, 8.90925789, 0),
	Vector3.new(-1.35459805, 8.91099167, 0),
	Vector3.new(-1.27947235, 2.86081123, 0),
	Vector3.new(-1.38985729, 2.87636185, 0),
	Vector3.new(-1.5175972, 8.91322517, 0),
	Vector3.new(-1.69912052, 8.93372917, 0),
	Vector3.new(-1.5372715, 2.92815876, 0),
	Vector3.new(-1.64805222, 2.86925697, 0),
	Vector3.new(-1.82637978, 9.00759888, 0),
	Vector3.new(-1.9174757, 8.99086761, 0),
	Vector3.new(-1.81445789, 2.92063713, 0),
	Vector3.new(-1.9441967, 2.89844894, 0),
	Vector3.new(-2.06343269, 8.992939, 0),
	Vector3.new(-2.2278204, 9.06755829, 0),
	Vector3.new(-2.05556774, 2.89541435, 0),
	Vector3.new(-2.16706944, 2.91106987, 0),
	Vector3.new(-2.33756447, 9.12340546, 0),
	Vector3.new(-2.44764519, 9.10697174, 0),
	Vector3.new(-2.31618118, 2.85087299, 0),
	Vector3.new(-2.40945816, 2.84830666, 0),
	Vector3.new(-2.59431648, 9.19968414, 0),
	Vector3.new(-2.72312069, 9.20168591, 0),
	Vector3.new(-2.59600639, 2.9556694, 0),
	Vector3.new(-2.72721863, 2.91463375, 0),
	Vector3.new(-2.85214996, 9.20369148, 0),
	Vector3.new(-2.97187996, 9.00885773, 0),
	Vector3.new(-3.00613308, 9.25545788, 0),
	Vector3.new(-3.06895256, 9.08981895, 0),
	Vector3.new(-3.19460106, 9.32017231, 0),
	Vector3.new(-3.23279095, 9.16461563, 0),
	Vector3.new(-3.35666847, 9.32840538, 0),
	Vector3.new(-3.43575621, 9.2341404, 0),
	Vector3.new(-3.50818634, 9.41313267, 0),
	Vector3.new(-3.59981632, 9.31175137, 0),
	Vector3.new(-4.38184929, 9.60443592, 0),
	Vector3.new(-2.90039921, 9.07213211, 0),
	Vector3.new(-3.23741484, 9.25592995, 0),
	Vector3.new(-2.67656803, 9.05630493, 0),
	Vector3.new(-2.96051693, 8.68010807, 0),
	Vector3.new(-2.84478569, 2.93673325, 0),
	Vector3.new(-2.98496723, 2.91878414, 0),
	Vector3.new(-3.04954529, 8.59928799, 0),
	Vector3.new(-3.14984846, 8.50845146, 0),
	Vector3.new(-3.10748863, 2.93957996, 0),
	Vector3.new(-3.24762344, 2.92164516, 0),
	Vector3.new(-3.25290489, 8.24638462, 0),
	Vector3.new(-3.37713432, 8.15264606, 0),
	Vector3.new(-3.39932299, 2.92491436, 0),
	Vector3.new(-3.50529194, 2.90853882, 0),
	Vector3.new(-3.51282549, 8.05914497, 0),
	Vector3.new(-3.61204433, 7.92860317, 0),
	Vector3.new(-3.6282711, 2.86410713, 0),
	Vector3.new(-3.73774815, 2.90674877, 0),
	Vector3.new(-3.77418423, 7.79754925, 0),
	Vector3.new(-3.91177654, 7.70177555, 0),
	Vector3.new(-3.90870476, 2.93182182, 0),
	Vector3.new(-4.04526854, 2.88632011, 0),
	Vector3.new(-4.04789925, 7.77896881, 0),
	Vector3.new(-4.16764975, 7.77920389, 0),
	Vector3.new(-4.18007088, 2.85011387, 0),
	Vector3.new(-4.29121208, 2.8497324, 0),
	Vector3.new(-4.30798244, 7.80337715, 0),
	Vector3.new(-4.39632988, 7.8204751, 0),
	Vector3.new(-4.43916321, 2.84831524, 0),
	Vector3.new(-4.57412386, 2.87714481, 0),
	Vector3.new(-4.52116299, 7.78516006, 0),
	Vector3.new(-4.63868093, 7.79215813, 0),
	Vector3.new(-4.70281219, 2.87083244, 0),
	Vector3.new(-4.79261208, 2.87465382, 0),
	Vector3.new(-4.79994202, 7.80683422, 0),
	Vector3.new(-5.0195837, 7.86404753, 0),
	Vector3.new(-4.90019989, 2.87922955, 0),
	Vector3.new(-5.02513266, 2.86306, 0),
	Vector3.new(-5.16500139, 7.90659475, 0),
	Vector3.new(-5.33809757, 7.92093325, 0),
	Vector3.new(-5.09782934, 2.95184898, 0),
	Vector3.new(-4.92846155, 7.79419899, 0),
	Vector3.new(-5.44850826, 7.94837809, 0),
	Vector3.new(-5.22442102, 2.84990883, 0),
	Vector3.new(-5.34824944, 2.85821915, 0),
	Vector3.new(-5.57610178, 8.05201721, 0),
	Vector3.new(-5.67690325, 8.07642746, 0),
	Vector3.new(-5.47810078, 2.86108017, 0),
	Vector3.new(-5.60389042, 2.85833931, 0),
	Vector3.new(-5.80719376, 8.11889076, 0),
	Vector3.new(-5.93174648, 8.12360001, 0),
	Vector3.new(-5.71531725, 2.86228752, 0),
	Vector3.new(-5.79446125, 2.86015129, 0),
	Vector3.new(-6.058249, 8.20979881, 0),
	Vector3.new(-6.18696499, 8.17210388, 0),
	Vector3.new(-5.96157122, 2.8690052, 0),
	Vector3.new(-6.10655451, 2.92910862, 0),
	Vector3.new(-6.31052113, 8.25859833, 0),
	Vector3.new(-6.44314337, 8.34149837, 0),
	Vector3.new(-6.28473663, 2.82053185, 0),
	Vector3.new(-6.40582228, 2.83464622, 0),
	Vector3.new(-6.54690981, 8.38284111, 0),
	Vector3.new(-6.65456867, 8.40812111, 0),
	Vector3.new(-6.51304913, 2.92669106, 0),
	Vector3.new(-6.6017909, 2.87398529, 0),
	Vector3.new(-6.80051088, 8.40620136, 0),
	Vector3.new(-6.94539738, 8.47159767, 0),
	Vector3.new(-6.75856686, 2.8769455, 0),
	Vector3.new(-6.81624556, 8.43113232, 0),
	Vector3.new(-7.02565098, 8.55959892, 0),
	Vector3.new(-6.87328243, 2.8428812, 0),
	Vector3.new(-6.94753933, 2.93155575, 0),
	Vector3.new(-7.11644268, 8.6488533, 0),
	Vector3.new(-7.20676422, 8.72586346, 0),
	Vector3.new(-7.03573751, 2.83924866, 0),
	Vector3.new(-7.14118052, 2.8559866, 0),
	Vector3.new(-7.31788874, 8.85506439, 0),
	Vector3.new(-7.43098736, 8.9321785, 0),
	Vector3.new(-7.2585969, 2.90916061, 0),
	Vector3.new(-7.36129189, 2.92324066, 0),
	Vector3.new(-7.52463293, 8.96059132, 0),
	Vector3.new(-7.63877153, 9.03730011, 0),
	Vector3.new(-7.48373079, 2.88131905, 0),
	Vector3.new(-7.59835529, 2.9232626, 0),
	Vector3.new(-7.7520771, 9.15501404, 0),
	Vector3.new(-7.87058401, 9.21323013, 0),
	Vector3.new(-7.76183128, 2.86232758, 0),
	Vector3.new(-7.86363173, 2.88150978, 0),
	Vector3.new(-8.00681496, 9.40987968, 0),
	Vector3.new(-8.06344032, 9.61418152, 0),
	Vector3.new(-7.9568162, 2.88646889, 0),
	Vector3.new(-8.28571892, 22.8644333, 0),
	Vector3.new(-8.40736389, 22.9370327, 0),
	Vector3.new(-8.06699944, 2.87618351, 0),
	Vector3.new(-8.17567062, 2.89432049, 0),
	Vector3.new(-8.51646328, 22.8783607, 0),
	Vector3.new(-8.63929558, 22.885849, 0),
	Vector3.new(-8.32545948, 2.79530907, 0),
	Vector3.new(-8.43021202, 2.7835741, 0),
	Vector3.new(-8.7672739, 22.8958607, 0),
	Vector3.new(-8.90389824, 22.8791485, 0),
	Vector3.new(-8.56093121, 2.90660381, 0),
	Vector3.new(-8.68785095, 2.9033041, 0),
	Vector3.new(-9.01262379, 22.8905792, 0),
	Vector3.new(-9.12186527, 22.8974953, 0),
	Vector3.new(-8.79919815, 2.85383987, 0),
	Vector3.new(-8.95786381, 2.86318398, 0),
	Vector3.new(-9.27031517, 22.8950157, 0),
	Vector3.new(-9.38200951, 22.8957081, 0),
	Vector3.new(-9.08909893, 2.80217552, 0),
	Vector3.new(-9.21343136, 2.91086674, 0),
	Vector3.new(-9.52389145, 22.7711754, 0),
	Vector3.new(-9.53693295, 22.8515968, 0),
	Vector3.new(-9.60578728, 22.8321838, 0),
	Vector3.new(-9.67217636, 22.8380852, 0),
	Vector3.new(-9.35816479, 2.96809101, 0),
	Vector3.new(-9.47516727, 2.88518524, 0),
	Vector3.new(-9.81822872, 22.8163071, 0),
	Vector3.new(-9.94741821, 22.7479439, 0),
	Vector3.new(-9.61431694, 2.85762501, 0),
	Vector3.new(-9.73561001, 2.93741512, 0),
	Vector3.new(-10.08426, 22.6768417, 0),
	Vector3.new(-10.1991396, 22.6717148, 0),
	Vector3.new(-9.88126278, 2.99432373, 0),
	Vector3.new(-9.98028183, 2.91157055, 0),
	Vector3.new(-10.3167439, 22.6569138, 0),
	Vector3.new(-10.4569292, 22.5980339, 0),
	Vector3.new(-10.1346855, 3.06449223, 0),
	Vector3.new(-10.2276459, 3.10145187, 0),
	Vector3.new(-10.5716476, 22.5376606, 0),
	Vector3.new(-10.6825123, 22.4583664, 0),
	Vector3.new(-10.3766556, 3.10459137, 0),
	Vector3.new(-10.4839954, 3.17125511, 0),
	Vector3.new(-10.8244362, 22.2952461, 0),
	Vector3.new(-10.9549971, 22.2110233, 0),
	Vector3.new(-10.6129198, 3.23596096, 0),
	Vector3.new(-10.7068081, 3.31453133, 0),
	Vector3.new(-11.052145, 22.1429405, 0),
	Vector3.new(-11.1630325, 22.0138168, 0),
	Vector3.new(-10.8372536, 3.42073917, 0),
	Vector3.new(-10.934289, 3.65928125, 0),
	Vector3.new(-11.2957602, 21.8081303, 0),
	Vector3.new(-11.4025555, 21.6575623, 0),
	Vector3.new(-11.0698099, 3.59765244, 0),
	Vector3.new(-11.2333813, 3.84958363, 0),
	Vector3.new(-11.5220308, 21.4600601, 0),
	Vector3.new(-11.6530237, 21.2906322, 0),
	Vector3.new(-11.3717957, 4.01214457, 0),
	Vector3.new(-11.4976845, 4.28340244, 0),
	Vector3.new(-11.7343798, 20.573185, 0),
	Vector3.new(-11.6491785, 4.39296341, 0),
	Vector3.new(-11.8035641, 4.75866461, 0),
	Vector3.new(-11.761343, 8.63615322, 0),
	Vector3.new(-11.7062616, 20.8707695, 0),
	Vector3.new(-11.5205078, 21.5617962, 0),
	Vector3.new(-11.1230564, 22.0166626, 0),
	Vector3.new(-10.6061888, 22.4515343, 0),
	Vector3.new(-10.0656939, 22.7403851, 0),
	Vector3.new(-9.53252029, 22.918705, 0),
	Vector3.new(-9.49925327, 22.9027519, 0),
	Vector3.new(-8.64115524, 22.8897762, 0),
	Vector3.new(-8.25873184, 22.8928833, 0),
	Vector3.new(-8.15928268, 22.8626747, 0),
	Vector3.new(-8.00227737, 10.8277082, 0),
	Vector3.new(-7.90045881, 11.5554276, 0),
	Vector3.new(-8.08815956, 22.8825817, 0),
	Vector3.new(-8.03180122, 22.8811226, 0),
	Vector3.new(-7.80655861, 11.5608349, 0),
	Vector3.new(-7.74000549, 12.3689089, 0),
	Vector3.new(-7.9731226, 22.8715916, 0),
	Vector3.new(-7.89939833, 22.8715096, 0),
	Vector3.new(-7.63486624, 12.6691341, 0),
	Vector3.new(-7.53105211, 13.1833525, 0),
	Vector3.new(-7.86651707, 22.9276237, 0),
	Vector3.new(-7.79997778, 22.9178505, 0),
	Vector3.new(-7.43109941, 13.52421, 0),
	Vector3.new(-7.33189392, 13.9140911, 0),
	Vector3.new(-7.72333813, 22.8752193, 0),
	Vector3.new(-7.63101482, 22.8599796, 0),
	Vector3.new(-7.23422623, 14.0233097, 0),
	Vector3.new(-7.12805319, 14.5194664, 0),
	Vector3.new(-7.56845903, 22.9047279, 0),
	Vector3.new(-7.47322845, 22.9132881, 0),
	Vector3.new(-7.04834652, 14.8122625, 0),
	Vector3.new(-6.95711327, 15.0318451, 0),
	Vector3.new(-7.38154078, 22.8326893, 0),
	Vector3.new(-7.31379032, 22.8668671, 0),
	Vector3.new(-6.85840797, 15.1502619, 0),
	Vector3.new(-6.75455523, 15.3783102, 0),
	Vector3.new(-7.24981546, 22.8548012, 0),
	Vector3.new(-7.15959692, 22.8477859, 0),
	Vector3.new(-6.66280842, 15.5566435, 0),
	Vector3.new(-6.54726505, 15.7303562, 0),
	Vector3.new(-7.07163095, 22.9001045, 0),
	Vector3.new(-7.0185895, 22.8860722, 0),
	Vector3.new(-6.43740892, 15.7897873, 0),
	Vector3.new(-6.32727814, 16.0383759, 0),
	Vector3.new(-6.94799995, 22.8942261, 0),
	Vector3.new(-6.85334969, 22.8904114, 0),
	Vector3.new(-6.24850321, 16.1806145, 0),
	Vector3.new(-6.16574478, 16.308157, 0),
	Vector3.new(-6.78249502, 22.9059715, 0),
	Vector3.new(-6.67678595, 22.819458, 0),
	Vector3.new(-6.05690575, 16.444809, 0),
	Vector3.new(-5.9260726, 16.5611801, 0),
	Vector3.new(-6.55830812, 22.8288612, 0),
	Vector3.new(-6.42514849, 22.8186264, 0),
	Vector3.new(-5.88898563, 16.5626221, 0),
	Vector3.new(-5.81583071, 16.6187077, 0),
	Vector3.new(-6.35618877, 22.8957081, 0),
	Vector3.new(-6.2694993, 22.8591003, 0),
	Vector3.new(-5.77514935, 16.7082062, 0),
	Vector3.new(-6.15337563, 22.8771896, 0),
	Vector3.new(-6.07901287, 22.8577614, 0),
	Vector3.new(-5.68622828, 16.6659927, 0),
	Vector3.new(-5.56245995, 16.7850113, 0),
	Vector3.new(-6.01040363, 22.8859749, 0),
	Vector3.new(-5.94410276, 22.8917656, 0),
	Vector3.new(-5.44614792, 16.8274536, 0),
	Vector3.new(-5.34852314, 16.8983707, 0),
	Vector3.new(-5.87003231, 22.8526821, 0),
	Vector3.new(-5.78603268, 22.8866081, 0),
	Vector3.new(-5.24304628, 16.9337883, 0),
	Vector3.new(-5.14752245, 16.9970989, 0),
	Vector3.new(-5.72636938, 22.9012527, 0),
	Vector3.new(-5.64099884, 22.8971672, 0),
	Vector3.new(-5.05456972, 17.0044804, 0),
	Vector3.new(-4.94176817, 17.0558262, 0),
	Vector3.new(-5.54821825, 22.8883934, 0),
	Vector3.new(-5.46676731, 22.906641, 0),
	Vector3.new(-4.85612297, 17.0396309, 0),
	Vector3.new(-4.75447893, 17.0999985, 0),
	Vector3.new(-5.40227842, 22.924427, 0),
	Vector3.new(-5.28815699, 22.9074039, 0),
	Vector3.new(-4.60065651, 17.1556358, 0),
	Vector3.new(-5.18913174, 22.877861, 0),
	Vector3.new(-5.09808159, 22.905817, 0),
	Vector3.new(-4.67831516, 17.0855637, 0),
	Vector3.new(-4.55261993, 17.2108994, 0),
	Vector3.new(-5.08481121, 22.8915081, 0),
	Vector3.new(-5.00494814, 22.8827744, 0),
	Vector3.new(-4.55127287, 17.2109623, 0),
	Vector3.new(-4.93191481, 22.8981438, 0),
	Vector3.new(-4.87739611, 22.9056396, 0),
	Vector3.new(-4.45963812, 17.2320671, 0),
	Vector3.new(-4.3683362, 17.2530937, 0),
	Vector3.new(-4.80501842, 22.9049797, 0),
	Vector3.new(-4.7237134, 22.9042377, 0),
	Vector3.new(-4.25132227, 17.2752228, 0),
	Vector3.new(-4.11195135, 17.3982544, 0),
	Vector3.new(-4.66958046, 22.895771, 0),
	Vector3.new(-4.62445498, 22.8873825, 0),
	Vector3.new(-3.96131945, 17.5036049, 0),
	Vector3.new(-3.86819553, 17.4255028, 0),
	Vector3.new(-4.57041931, 22.8948746, 0),
	Vector3.new(-4.43535328, 22.8856888, 0),
	Vector3.new(-3.72903156, 17.4645004, 0),
	Vector3.new(-4.36145735, 22.861927, 0),
	Vector3.new(-4.47931242, 22.8317261, 0),
	Vector3.new(-4.28345156, 21.621767, 0),
	Vector3.new(-4.28802204, 22.8484764, 0),
	Vector3.new(-3.9077487, 17.4779129, 0),
	Vector3.new(-4.19922209, 22.9070892, 0),
	Vector3.new(-4.11116171, 22.8506851, 0),
	Vector3.new(-3.70195818, 17.473196, 0),
	Vector3.new(-4.05188084, 22.8946037, 0),
	Vector3.new(-4.02070999, 22.7979794, 0),
	Vector3.new(-3.64480734, 17.5548401, 0),
	Vector3.new(-3.56159782, 17.5685616, 0),
	Vector3.new(-3.93922186, 22.9084854, 0),
	Vector3.new(-3.84395218, 22.8738403, 0),
	Vector3.new(-3.46782923, 17.5444908, 0),
	Vector3.new(-3.37076855, 17.5687561, 0),
	Vector3.new(-3.79836369, 22.8994331, 0),
	Vector3.new(-3.69286442, 22.9057312, 0),
	Vector3.new(-3.26532793, 17.6101952, 0),
	Vector3.new(-3.17287731, 17.6386566, 0),
	Vector3.new(-4.82150936, 17.1606178, 0),
	Vector3.new(-5.76304054, 16.6334419, 0),
	Vector3.new(-3.57446575, 17.504591, 0),
	Vector3.new(-3.18348742, 17.6940842, 0),
	Vector3.new(-3.59993029, 22.8556728, 0),
	Vector3.new(-3.52049541, 22.8456535, 0),
	Vector3.new(-3.0476408, 17.6401711, 0),
	Vector3.new(-2.94395161, 17.6962051, 0),
	Vector3.new(-3.41241932, 22.8342209, 0),
	Vector3.new(-3.29116678, 22.8088226, 0),
	Vector3.new(-2.81153774, 17.6699181, 0),
	Vector3.new(-2.67728806, 17.74576, 0),
	Vector3.new(-3.20447206, 22.8064194, 0),
	Vector3.new(-3.11207199, 22.8194046, 0),
	Vector3.new(-2.53334427, 17.6530724, 0),
	Vector3.new(-2.40705776, 17.6821747, 0),
	Vector3.new(-3.02910328, 22.8151321, 0),
	Vector3.new(-2.92719173, 22.8096161, 0),
	Vector3.new(-2.31542587, 17.6593304, 0),
	Vector3.new(-2.17010307, 17.7218781, 0),
	Vector3.new(-2.85868168, 22.8777199, 0),
	Vector3.new(-2.74521828, 22.8755341, 0),
	Vector3.new(-2.04893303, 17.5988235, 0),
	Vector3.new(-1.95128536, 17.5721512, 0),
	Vector3.new(-2.63316822, 22.8824234, 0),
	Vector3.new(-2.50184536, 22.8625069, 0),
	Vector3.new(-1.7973032, 17.0609856, 0),
	Vector3.new(-1.93334103, 17.0867271, 0),
	Vector3.new(-1.9665823, 17.3249264, 0),
	Vector3.new(-2.40046501, 17.0330486, 0),
	Vector3.new(-4.02843285, 16.6729031, 0),
	Vector3.new(-4.40345383, 16.4548016, 0),
	Vector3.new(-2.79094219, 17.0088959, 0),
	Vector3.new(-2.24842834, 17.0782738, 0),
	Vector3.new(-1.96343899, 17.1013527, 0),
	Vector3.new(-1.98743439, 17.2321854, 0),
	Vector3.new(-1.91547775, 17.3320045, 0),
	Vector3.new(-2.09066963, 17.1303368, 0),
	Vector3.new(-1.68871307, 17.1168499, 0),
	Vector3.new(-2.47964096, 22.8915405, 0),
	Vector3.new(-3.71069813, 22.8799114, 0),
	Vector3.new(-2.40849686, 22.8885727, 0),
	Vector3.new(-1.69777489, 17.0506916, 0),
	Vector3.new(-2.27910233, 22.8812313, 0),
	Vector3.new(-1.6677084, 17.1504593, 0),
	Vector3.new(-2.09334373, 22.8780842, 0),
	Vector3.new(-2.16460991, 22.8379116, 0),
	Vector3.new(-2.08845139, 21.5694485, 0),
	Vector3.new(-2.37943554, 22.8276386, 0),
	Vector3.new(-2.05068588, 22.9048901, 0),
	Vector3.new(-1.5821209, 17.0705605, 0),
	Vector3.new(-1.47083759, 17.1052742, 0),
	Vector3.new(-1.93620491, 22.8951759, 0),
	Vector3.new(-1.87592602, 22.9257946, 0),
	Vector3.new(-1.34146881, 17.1257534, 0),
	Vector3.new(-1.24957848, 17.1727829, 0),
	Vector3.new(-1.79246521, 22.8990288, 0),
	Vector3.new(-1.72601414, 22.9066353, 0),
	Vector3.new(-1.15894318, 17.1619663, 0),
	Vector3.new(-1.0605278, 17.1772003, 0),
	Vector3.new(-1.65769768, 22.9421635, 0),
	Vector3.new(-1.56250477, 22.921299, 0),
	Vector3.new(-0.989416122, 17.1926994, 0),
	Vector3.new(-0.858358383, 17.2443008, 0),
	Vector3.new(-1.5210619, 22.9239311, 0),
	Vector3.new(-1.43661118, 22.8515816, 0),
	Vector3.new(-0.800983429, 17.2259636, 0),
	Vector3.new(-0.685569763, 17.2232819, 0),
	Vector3.new(-1.37147045, 22.8726959, 0),
	Vector3.new(-1.26865768, 22.8731613, 0),
	Vector3.new(-0.522945404, 17.2169399, 0),
	Vector3.new(-0.355349541, 17.2138958, 0),
	Vector3.new(-1.17444801, 22.8587532, 0),
	Vector3.new(-1.09711742, 22.8665237, 0),
	Vector3.new(-0.184892654, 17.1608467, 0),
	Vector3.new(-0.121039391, 17.1763611, 0),
	Vector3.new(-1.0024929, 22.8520851, 0),
	Vector3.new(-0.907902718, 22.8599453, 0),
	Vector3.new(0.00532817841, 17.2239437, 0),
	Vector3.new(0.161746979, 17.2045021, 0),
	Vector3.new(-0.83983326, 22.897316, 0),
	Vector3.new(-0.71100235, 22.897913, 0),
	Vector3.new(0.283337593, 17.3015213, 0),
	Vector3.new(0.405207634, 17.2332973, 0),
	Vector3.new(-0.631567001, 22.8462753, 0),
	Vector3.new(-0.520704269, 22.8765507, 0),
	Vector3.new(0.578596115, 17.1802597, 0),
	Vector3.new(0.701768875, 17.2445316, 0),
	Vector3.new(-0.435294151, 22.8917809, 0),
	Vector3.new(-0.348125458, 22.8773346, 0),
	Vector3.new(0.848319054, 17.2086849, 0),
	Vector3.new(1.03270149, 17.1886787, 0),
	Vector3.new(-0.23692894, 22.8926926, 0),
	Vector3.new(-0.12341404, 22.8783531, 0),
	Vector3.new(1.1807127, 17.1525383, 0),
	Vector3.new(1.25236702, 17.2013721, 0),
	Vector3.new(-0.0296010971, 22.8936424, 0),
	Vector3.new(0.141180038, 22.8346939, 0),
	Vector3.new(1.36991692, 17.1992435, 0),
	Vector3.new(1.45082664, 17.1810837, 0),
	Vector3.new(0.251734734, 22.8576584, 0),
	Vector3.new(0.356099129, 22.85812, 0),
	Vector3.new(1.53194427, 17.1628761, 0),
	Vector3.new(1.66310692, 17.1604843, 0),
	Vector3.new(0.483593941, 22.8811035, 0),
	Vector3.new(0.565089226, 22.8590488, 0),
	Vector3.new(1.82926846, 17.1070023, 0),
	Vector3.new(1.96412849, 17.0876236, 0),
	Vector3.new(0.680754662, 22.8445587, 0),
	Vector3.new(0.771994591, 22.874939, 0),
	Vector3.new(2.0690546, 17.0177517, 0),
	Vector3.new(2.39826202, 16.9602089, 0),
	Vector3.new(3.20279026, 16.8365059, 0),
	Vector3.new(2.02216434, 17.2451897, 0),
	Vector3.new(3.79880714, 16.6267204, 0),
	Vector3.new(1.92645836, 17.2070999, 0),
	Vector3.new(1.98597431, 17.4586201, 0),
	Vector3.new(1.97794724, 17.615303, 0),
	Vector3.new(1.81711006, 22.892786, 0),
	Vector3.new(1.66388798, 22.8137112, 0),
	Vector3.new(1.82819653, 18.3611107, 0),
	Vector3.new(1.53671265, 22.8345604, 0),
	Vector3.new(1.60139847, 19.238039, 0),
	Vector3.new(1.37540245, 22.8332405, 0),
	Vector3.new(1.39150524, 20.4983368, 0),
	Vector3.new(1.26271057, 22.8484039, 0),
	Vector3.new(1.23051357, 21.2075996, 0),
	Vector3.new(1.11809158, 22.8150654, 0),
	Vector3.new(1.08596134, 21.7865906, 0),
	Vector3.new(0.861745834, 22.8290329, 0),
	Vector3.new(0.989795685, 22.7498169, 0),
	Vector3.new(1.60139179, 19.6575546, 0),
	Vector3.new(2.05577278, 17.6430779, 0),
	Vector3.new(1.90297222, 22.8617859, 0),
	Vector3.new(1.99917221, 22.8505383, 0),
	Vector3.new(2.15408325, 17.6559258, 0),
	Vector3.new(2.28787613, 17.6699429, 0),
	Vector3.new(2.08566856, 22.8199482, 0),
	Vector3.new(2.15719604, 22.8163834, 0),
	Vector3.new(2.40226936, 17.623333, 0),
	Vector3.new(2.48942471, 17.6312828, 0),
	Vector3.new(2.22886658, 22.8264732, 0),
	Vector3.new(2.29602718, 22.7971325, 0),
	Vector3.new(2.62092686, 17.5977268, 0),
	Vector3.new(2.73274517, 17.5900993, 0),
	Vector3.new(2.38706589, 22.8328514, 0),
	Vector3.new(2.48436832, 22.8419762, 0),
	Vector3.new(2.83867359, 17.5751514, 0),
	Vector3.new(2.9492197, 17.5780296, 0),
	Vector3.new(2.57396889, 22.8331585, 0),
	Vector3.new(2.64509296, 22.8279839, 0),
	Vector3.new(3.06058311, 17.5602169, 0),
	Vector3.new(3.21952915, 17.5536041, 0),
	Vector3.new(2.71535301, 22.8671112, 0),
	Vector3.new(2.8112011, 22.8523483, 0),
	Vector3.new(3.31295586, 17.5069942, 0),
	Vector3.new(3.4413681, 17.5087738, 0),
	Vector3.new(2.92314434, 22.8886948, 0),
	Vector3.new(3.05055523, 22.8316269, 0),
	Vector3.new(3.60871124, 17.4182224, 0),
	Vector3.new(3.80690193, 17.344326, 0),
	Vector3.new(3.15259171, 22.8387451, 0),
	Vector3.new(3.28555012, 22.8329048, 0),
	Vector3.new(3.91100121, 17.3446198, 0),
	Vector3.new(4.01325798, 17.3114986, 0),
	Vector3.new(3.37427902, 22.815033, 0),
	Vector3.new(3.4816227, 22.8193665, 0),
	Vector3.new(4.12770939, 17.2852802, 0),
	Vector3.new(4.2394886, 17.2854519, 0),
	Vector3.new(3.54487801, 22.8072872, 0),
	Vector3.new(3.62088108, 22.8331299, 0),
	Vector3.new(4.386549, 17.20158, 0),
	Vector3.new(4.48887444, 17.1658859, 0),
	Vector3.new(3.71299076, 22.793045, 0),
	Vector3.new(3.78467369, 22.8064022, 0),
	Vector3.new(4.61344337, 17.1181717, 0),
	Vector3.new(4.72835159, 17.09725, 0),
	Vector3.new(3.91022682, 22.7694492, 0),
	Vector3.new(4.07419968, 22.7919979, 0),
	Vector3.new(4.61155319, 17.2986908, 0),
	Vector3.new(4.17874908, 22.813633, 0),
	Vector3.new(4.26931477, 22.8129044, 0),
	Vector3.new(4.74077225, 17.1622086, 0),
	Vector3.new(4.38902378, 22.8378105, 0),
	Vector3.new(4.47869301, 22.8370476, 0),
	Vector3.new(4.83964729, 17.0423584, 0),
	Vector3.new(4.96568394, 17.0325336, 0),
	Vector3.new(4.57582092, 22.8873863, 0),
	Vector3.new(4.68500328, 22.8693962, 0),
	Vector3.new(5.10319138, 16.8262005, 0),
	Vector3.new(5.19751167, 16.8354511, 0),
	Vector3.new(4.81434536, 22.8427238, 0),
	Vector3.new(4.93196487, 22.8417053, 0),
	Vector3.new(5.3103466, 16.8020744, 0),
	Vector3.new(5.44438553, 16.7033863, 0),
	Vector3.new(5.0086441, 22.8579941, 0),
	Vector3.new(5.1366291, 22.8399353, 0),
	Vector3.new(5.56587601, 16.7605114, 0),
	Vector3.new(5.65205574, 16.6792736, 0),
	Vector3.new(5.25951767, 22.7793293, 0),
	Vector3.new(5.35559845, 22.7871361, 0),
	Vector3.new(5.73454094, 16.6424084, 0),
	Vector3.new(5.82894135, 16.491909, 0),
	Vector3.new(5.47221947, 22.8538456, 0),
	Vector3.new(5.55015755, 22.8018646, 0),
	Vector3.new(5.93092346, 16.3579063, 0),
	Vector3.new(6.06759453, 16.2828388, 0),
	Vector3.new(5.63757706, 22.8684654, 0),
	Vector3.new(5.72932434, 22.8673973, 0),
	Vector3.new(6.1423645, 16.114727, 0),
	Vector3.new(6.24628067, 15.9862003, 0),
	Vector3.new(5.79234886, 22.9006691, 0),
	Vector3.new(5.89216232, 22.8822422, 0),
	Vector3.new(6.31594467, 15.9949455, 0),
	Vector3.new(6.39804459, 15.8397226, 0),
	Vector3.new(6.00102615, 22.8517551, 0),
	Vector3.new(6.13730621, 22.8381634, 0),
	Vector3.new(6.47407913, 15.7537231, 0),
	Vector3.new(6.52597046, 15.6040678, 0),
	Vector3.new(6.21482468, 22.8582001, 0),
	Vector3.new(6.29843521, 22.8360519, 0),
	Vector3.new(6.55926132, 15.4585609, 0),
	Vector3.new(6.6202774, 15.2642994, 0),
	Vector3.new(6.38750839, 22.8196373, 0),
	Vector3.new(6.51208305, 22.8184166, 0),
	Vector3.new(6.66566658, 15.1709957, 0),
	Vector3.new(6.75690842, 14.981061, 0),
	Vector3.new(6.60279846, 22.8501625, 0),
	Vector3.new(6.6931572, 22.8499432, 0),
	Vector3.new(6.84627914, 14.8737936, 0),
	Vector3.new(6.91449738, 14.7041349, 0),
	Vector3.new(6.79138565, 22.8359299, 0),
	Vector3.new(6.90153885, 22.8077335, 0),
	Vector3.new(6.98263168, 14.62148, 0),
	Vector3.new(7.06759644, 14.4457827, 0),
	Vector3.new(6.98822212, 22.8007469, 0),
	Vector3.new(7.08937836, 22.8437386, 0),
	Vector3.new(7.16194534, 14.2695751, 0),
	Vector3.new(7.21756172, 14.0812969, 0),
	Vector3.new(7.18790817, 22.7767677, 0),
	Vector3.new(7.28355026, 22.7561626, 0),
	Vector3.new(7.32087898, 13.8756409, 0),
	Vector3.new(7.39989471, 13.6979008, 0),
	Vector3.new(7.38378143, 22.7844772, 0),
	Vector3.new(7.4547348, 22.7787895, 0),
	Vector3.new(7.4629364, 13.5234842, 0),
	Vector3.new(7.51530457, 13.3722143, 0),
	Vector3.new(7.54782104, 22.8328609, 0),
	Vector3.new(7.63941574, 22.8078423, 0),
	Vector3.new(7.5976429, 13.1957474, 0),
	Vector3.new(7.66485596, 13.0034895, 0),
	Vector3.new(7.7102375, 22.7951622, 0),
	Vector3.new(7.79225159, 22.8045654, 0),
	Vector3.new(7.73049927, 12.7216702, 0),
	Vector3.new(7.76181793, 12.4722834, 0),
	Vector3.new(7.84745407, 22.8159485, 0),
	Vector3.new(7.91493225, 22.8075638, 0),
	Vector3.new(7.81377411, 12.2819185, 0),
	Vector3.new(7.73693085, 12.440506, 0),
	Vector3.new(7.80719376, 12.1476603, 0),
	Vector3.new(7.83262825, 12.0783424, 0),
	Vector3.new(7.86425781, 11.9586525, 0),
	Vector3.new(7.98481941, 22.7729721, 0),
	Vector3.new(7.925354, 11.6643438, 0),
	Vector3.new(7.99882317, 11.4704313, 0),
	Vector3.new(7.81771851, 13.2463856, 0),
	Vector3.new(7.88702202, 18.7772293, 0),
	Vector3.new(7.84791946, 11.8952255, 0),
	Vector3.new(7.98044777, 18.3173199, 0),
	Vector3.new(7.8765583, 12.1513691, 0),
	Vector3.new(7.9651947, 17.7457104, 0),
	Vector3.new(7.88937759, 12.0403233, 0),
	Vector3.new(3.82506466, 11.8788462, 0),
	Vector3.new(3.78209496, 12.4645948, 0),
	Vector3.new(3.51442337, 12.8345661, 0),
	Vector3.new(3.20912933, 13.0486927, 0),
	Vector3.new(2.81766224, 13.2157793, 0),
	Vector3.new(2.32767773, 13.2567806, 0),
	Vector3.new(1.95973587, 13.1602955, 0),
	Vector3.new(1.62381935, 12.957653, 0),
	Vector3.new(1.34935474, 12.6509142, 0),
	Vector3.new(1.23322773, 12.2578497, 0),
	Vector3.new(1.20967674, 11.915741, 0),
	Vector3.new(1.30198574, 11.5503187, 0),
	Vector3.new(1.40249443, 11.3429422, 0),
	Vector3.new(1.55337334, 11.1517363, 0),
	Vector3.new(1.76770115, 11.0216503, 0),
	Vector3.new(2.00090599, 10.9440784, 0),
	Vector3.new(2.34155464, 10.8936033, 0),
	Vector3.new(2.62784195, 10.8915987, 0),
	Vector3.new(3.07350826, 10.9317102, 0),
	Vector3.new(3.24696922, 11.0500307, 0),
	Vector3.new(3.49873352, 11.2447052, 0),
	Vector3.new(3.69891739, 11.5080261, 0),
	Vector3.new(3.83378124, 11.751564, 0),
	Vector3.new(3.83628654, 11.8577566, 0),
	Vector3.new(3.66835785, 12.5567427, 0),
	Vector3.new(3.42858696, 12.8385534, 0),
	Vector3.new(2.9187088, 13.1129274, 0),
	Vector3.new(2.2745018, 13.2090654, 0),
	Vector3.new(1.71901703, 12.9812088, 0),
	Vector3.new(1.42005253, 12.6376476, 0),
	Vector3.new(1.26041412, 12.2439594, 0),
	Vector3.new(1.26310539, 11.7735147, 0),
	Vector3.new(1.46534729, 11.4159136, 0),
	Vector3.new(1.65885067, 11.1711111, 0),
	Vector3.new(1.91843796, 11.1078777, 0),
	Vector3.new(2.17376804, 11.0183554, 0),
	Vector3.new(2.54749012, 11.0212717, 0),
	Vector3.new(3.07789326, 11.078783, 0),
	Vector3.new(3.39769936, 11.3356552, 0),
	Vector3.new(3.69209099, 11.6844654, 0),
	Vector3.new(3.7216568, 11.9557915, 0),
	Vector3.new(3.52261162, 12.5289745, 0),
	Vector3.new(3.29390717, 12.7546597, 0),
	Vector3.new(2.69153309, 13.040205, 0),
	Vector3.new(2.15982914, 13.104228, 0),
	Vector3.new(1.66757965, 12.8204107, 0),
	Vector3.new(1.44607258, 12.5786953, 0),
	Vector3.new(1.34057426, 12.2747974, 0),
	Vector3.new(1.31379986, 11.9659767, 0),
	Vector3.new(1.46353149, 11.5968323, 0),
	Vector3.new(1.62913418, 11.3998384, 0),
	Vector3.new(1.7362566, 11.2585306, 0),
	Vector3.new(2.0865612, 11.1873941, 0),
	Vector3.new(2.28260994, 11.1648245, 0),
	Vector3.new(2.65581894, 11.1752129, 0),
	Vector3.new(2.9010582, 11.2367926, 0),
	Vector3.new(3.14849567, 11.3389473, 0),
	Vector3.new(3.39263725, 11.5252237, 0),
	Vector3.new(3.58837891, 11.8550005, 0),
	Vector3.new(3.47218037, 12.3152895, 0),
	Vector3.new(3.24157906, 12.704052, 0),
	Vector3.new(2.77146626, 12.9451056, 0),
	Vector3.new(2.19981861, 12.9861221, 0),
	Vector3.new(1.74416065, 12.7630482, 0),
	Vector3.new(1.45588875, 12.5032339, 0),
	Vector3.new(1.41780663, 12.1118841, 0),
	Vector3.new(1.46157265, 11.7395973, 0),
	Vector3.new(1.75088406, 11.3769894, 0),
	Vector3.new(1.98097801, 11.3173332, 0),
	Vector3.new(2.3299427, 11.3150015, 0),
	Vector3.new(2.67406464, 11.3127022, 0),
	Vector3.new(2.94529724, 11.4088316, 0),
	Vector3.new(3.26247978, 11.5924606, 0),
	Vector3.new(3.4613266, 11.8211679, 0),
	Vector3.new(3.44762135, 12.167017, 0),
	Vector3.new(3.20400429, 12.5728817, 0),
	Vector3.new(3.06116867, 12.7398949, 0),
	Vector3.new(2.52660751, 12.869606, 0),
	Vector3.new(2.23453045, 12.928091, 0),
	Vector3.new(1.85756683, 12.770998, 0),
	Vector3.new(1.66104698, 12.5813723, 0),
	Vector3.new(1.56165791, 12.4112825, 0),
	Vector3.new(1.53314495, 12.1283712, 0),
	Vector3.new(1.56162834, 11.8825798, 0),
	Vector3.new(1.68174171, 11.6349058, 0),
	Vector3.new(1.81441116, 11.481123, 0),
	Vector3.new(1.95939732, 11.4747543, 0),
	Vector3.new(2.17687035, 11.4518642, 0),
	Vector3.new(2.51530552, 11.4631548, 0),
	Vector3.new(2.96731663, 11.5404959, 0),
	Vector3.new(2.94760132, 11.2177706, 0),
	Vector3.new(3.08132172, 11.2159338, 0),
	Vector3.new(3.00025749, 11.080987, 0),
	Vector3.new(3.11221123, 11.0633421, 0),
	Vector3.new(2.98195934, 11.5083132, 0),
	Vector3.new(3.0944767, 11.6340151, 0),
	Vector3.new(3.27591991, 11.8354788, 0),
	Vector3.new(3.32232761, 12.1346264, 0),
	Vector3.new(3.20473862, 12.4782372, 0),
	Vector3.new(2.92697716, 12.7207022, 0),
	Vector3.new(2.4175396, 12.8270426, 0),
	Vector3.new(2.10354233, 12.8247766, 0),
	Vector3.new(1.69454765, 12.5532532, 0),
	Vector3.new(1.64672947, 12.1453104, 0),
	Vector3.new(1.72548389, 11.7945824, 0),
	Vector3.new(1.83779621, 11.6309748, 0),
	Vector3.new(1.99422264, 11.5822172, 0),
	Vector3.new(2.39998817, 11.5487337, 0),
	Vector3.new(2.86512184, 11.6205111, 0),
	Vector3.new(3.10477257, 11.7966642, 0),
	Vector3.new(3.22279453, 12.0859165, 0),
	Vector3.new(3.14204884, 12.4794006, 0),
	Vector3.new(2.86719704, 12.6882, 0),
	Vector3.new(2.41116714, 12.7808685, 0),
	Vector3.new(2.09158611, 12.7724237, 0),
	Vector3.new(1.76952267, 12.5283003, 0),
	Vector3.new(1.74457645, 12.1735868, 0),
	Vector3.new(1.84462547, 11.7952318, 0),
	Vector3.new(2.02337265, 11.7060432, 0),
	Vector3.new(2.44052887, 11.6929703, 0),
	Vector3.new(2.8212471, 11.7511806, 0),
	Vector3.new(2.99185085, 11.8451939, 0),
	Vector3.new(3.06750488, 12.1031618, 0),
	Vector3.new(3.05056763, 12.4084167, 0),
	Vector3.new(2.80422306, 12.5365534, 0),
	Vector3.new(2.45327759, 12.6642857, 0),
	Vector3.new(2.15808868, 12.671524, 0),
	Vector3.new(1.94049454, 12.4319744, 0),
	Vector3.new(1.88180161, 12.212904, 0),
	Vector3.new(1.90790272, 11.9433565, 0),
	Vector3.new(2.06945133, 11.841588, 0),
	Vector3.new(2.31740952, 11.8089895, 0),
	Vector3.new(2.58380032, 11.8435984, 0),
	Vector3.new(2.76652241, 11.8884468, 0),
	Vector3.new(2.9017477, 11.9989214, 0),
	Vector3.new(2.91031361, 12.3098764, 0),
	Vector3.new(2.84443665, 12.4342175, 0),
	Vector3.new(2.62574196, 12.5287981, 0),
	Vector3.new(2.41349602, 12.6019363, 0),
	Vector3.new(2.20157623, 12.5661573, 0),
	Vector3.new(2.08102894, 12.3547287, 0),
	Vector3.new(2.06753922, 12.1597748, 0),
	Vector3.new(2.09988689, 12.0569534, 0),
	Vector3.new(2.33170223, 12.0110474, 0),
	Vector3.new(2.63621521, 12.0271959, 0),
	Vector3.new(2.7417984, 12.1830254, 0),
	Vector3.new(2.75511742, 12.2893448, 0),
	Vector3.new(2.49396133, 12.4914312, 0),
	Vector3.new(2.31182289, 12.483325, 0),
	Vector3.new(2.24094963, 12.2040777, 0),
	Vector3.new(2.46945667, 12.0725317, 0),
	Vector3.new(2.57982445, 12.1618252, 0),
	Vector3.new(2.58812809, 12.2969398, 0),
	Vector3.new(2.38477993, 12.2255239, 0),
	Vector3.new(2.50453663, 12.196188, 0),
	Vector3.new(2.49539757, 12.4430771, 0),
	Vector3.new(2.15667439, 12.0680895, 0),
	Vector3.new(2.50294304, 11.8283749, 0),
	Vector3.new(2.83741283, 12.0691767, 0),
	Vector3.new(2.59700394, 12.4885998, 0),
	Vector3.new(1.78179455, 12.2554007, 0),
	Vector3.new(2.36958885, 11.608161, 0),
	Vector3.new(2.94497108, 11.591609, 0),
	Vector3.new(2.86090279, 12.4526157, 0),
	Vector3.new(2.12501907, 12.695426, 0),
	Vector3.new(1.83795929, 12.2147808, 0),
	Vector3.new(2.3460331, 11.6950312, 0),
	Vector3.new(2.56566811, 12.2608042, 0),
	Vector3.new(2.26734352, 12.0116148, 0),
	Vector3.new(2.06146049, 12.6490688, 0),
	Vector3.new(1.82190609, 12.3107214, 0),
	Vector3.new(1.83798981, 12.0712461, 0),
	Vector3.new(1.91803074, 11.8555374, 0),
	Vector3.new(2.05350399, 12.4345875, 0),
	Vector3.new(2.00573158, 12.6342859, 0),
	Vector3.new(1.82988262, 12.5021152, 0),
	Vector3.new(1.81388664, 12.3028555, 0),
	Vector3.new(2.57345295, 12.2213459, 0),
	Vector3.new(2.70593929, 12.4159832, 0),
	Vector3.new(2.64359856, 12.2125902, 0),
	Vector3.new(2.61996841, 11.7491474, 0),
	Vector3.new(2.99897385, 11.7943726, 0),
	Vector3.new(3.0837326, 12.1758461, 0),
	Vector3.new(2.40125656, 12.326189, 0),
	Vector3.new(2.47163773, 11.820672, 0),
	Vector3.new(1.71895504, 12.173048, 0),
	Vector3.new(2.11508751, 12.6131639, 0),
	Vector3.new(2.15575123, 11.8957987, 0),
	Vector3.new(1.93609524, 11.7547779, 0),
	Vector3.new(1.67042732, 12.2301855, 0),
	Vector3.new(3.06189728, 12.4423923, 0),
	Vector3.new(3.18636799, 11.9940176, 0),
	Vector3.new(2.88626099, 11.6044874, 0),
	Vector3.new(2.33661175, 11.593771, 0),
	Vector3.new(1.95566559, 12.2029161, 0),
	Vector3.new(2.78983307, 12.2230644, 0),
	Vector3.new(3.28205681, 11.5026598, 0),
	Vector3.new(2.39832687, 11.4100361, 0),
	Vector3.new(2.06276226, 12.0166321, 0),
	Vector3.new(2.27560616, 12.3760929, 0),
	Vector3.new(1.80612183, 11.9983654, 0),
	Vector3.new(-1.1670742, 11.9239111, 0),
	Vector3.new(-1.22297478, 12.3996201, 0),
	Vector3.new(-1.51253223, 12.8795223, 0),
	Vector3.new(-2.05531979, 13.2041378, 0),
	Vector3.new(-2.73109531, 13.2318497, 0),
	Vector3.new(-3.28469563, 12.9657888, 0),
	Vector3.new(-3.63089228, 12.5401592, 0),
	Vector3.new(-3.77795029, 11.8978548, 0),
	Vector3.new(-3.62593555, 11.3855639, 0),
	Vector3.new(-3.30791759, 11.0350189, 0),
	Vector3.new(-2.9179039, 10.879261, 0),
	Vector3.new(-2.3985548, 10.8869915, 0),
	Vector3.new(-1.89195633, 11.0127153, 0),
	Vector3.new(-1.50692558, 11.3695803, 0),
	Vector3.new(-1.22879505, 11.9799604, 0),
	Vector3.new(-1.5809288, 12.8629904, 0),
	Vector3.new(-2.16070652, 13.1654377, 0),
	Vector3.new(-2.69788074, 13.1639557, 0),
	Vector3.new(-3.1665802, 12.9685516, 0),
	Vector3.new(-3.54382229, 12.4818373, 0),
	Vector3.new(-3.65192127, 11.9273529, 0),
	Vector3.new(-3.52094364, 11.4129696, 0),
	Vector3.new(-3.1774416, 11.1400213, 0),
	Vector3.new(-2.89575386, 11.0178823, 0),
	Vector3.new(-2.37095261, 11.0451021, 0),
	Vector3.new(-1.87632751, 11.1267853, 0),
	Vector3.new(-1.6178484, 11.4580946, 0),
	Vector3.new(-1.34257984, 11.9854021, 0),
	Vector3.new(-1.68738651, 12.7668247, 0),
	Vector3.new(-2.19931316, 13.0885706, 0),
	Vector3.new(-2.83047581, 13.099124, 0),
	Vector3.new(-3.31351471, 12.8402834, 0),
	Vector3.new(-3.57880402, 12.3247738, 0),
	Vector3.new(-3.57127714, 11.6883717, 0),
	Vector3.new(-3.33838463, 11.3438625, 0),
	Vector3.new(-2.89812279, 11.1624031, 0),
	Vector3.new(-2.06933117, 11.2011366, 0),
	Vector3.new(-1.86323738, 11.3646345, 0),
	Vector3.new(-1.48919964, 11.9744921, 0),
	Vector3.new(-1.80934429, 12.6731491, 0),
	Vector3.new(-2.27277374, 12.9486551, 0),
	Vector3.new(-2.86459732, 12.9923611, 0),
	Vector3.new(-3.17720795, 12.8203602, 0),
	Vector3.new(-3.47353649, 12.3715439, 0),
	Vector3.new(-3.49350071, 11.7674389, 0),
	Vector3.new(-3.18012762, 11.411231, 0),
	Vector3.new(-2.82108688, 11.2878151, 0),
	Vector3.new(-2.01629257, 11.3693848, 0),
	Vector3.new(-1.6510067, 12.0474606, 0),
	Vector3.new(-1.90837669, 12.656024, 0),
	Vector3.new(-2.48522949, 12.8833361, 0),
	Vector3.new(-2.78217888, 12.874011, 0),
	Vector3.new(-3.16656494, 12.7536926, 0),
	Vector3.new(-3.37405014, 12.419075, 0),
	Vector3.new(-3.40731049, 11.9359159, 0),
	Vector3.new(-3.32108355, 11.7831621, 0),
	Vector3.new(-3.05530071, 11.5321999, 0),
	Vector3.new(-2.70929337, 11.4172726, 0),
	Vector3.new(-2.07626534, 11.4827652, 0),
	Vector3.new(-1.81024075, 12.0986137, 0),
	Vector3.new(-2.0337162, 12.5530052, 0),
	Vector3.new(-2.52070999, 12.8146009, 0),
	Vector3.new(-3.1328001, 12.7243032, 0),
	Vector3.new(-3.29986906, 12.3766241, 0),
	Vector3.new(-3.30326128, 11.9674044, 0),
	Vector3.new(-3.04159069, 11.6719408, 0),
	Vector3.new(-2.75815392, 11.6065359, 0),
	Vector3.new(-2.33451843, 11.5442486, 0),
	Vector3.new(-2.12540436, 11.6044569, 0),
	Vector3.new(-1.96535778, 12.013566, 0),
	Vector3.new(-1.98610687, 12.2077818, 0),
	Vector3.new(-2.29236603, 12.6211157, 0),
	Vector3.new(-2.64900589, 12.6941223, 0),
	Vector3.new(-2.99868774, 12.6987743, 0),
	Vector3.new(-3.12030268, 12.4608202, 0),
	Vector3.new(-3.18012714, 12.2270107, 0),
	Vector3.new(-3.18012714, 11.9857903, 0),
	Vector3.new(-3.00840664, 11.8391657, 0),
	Vector3.new(-2.77923775, 11.7338409, 0),
	Vector3.new(-2.48875141, 11.6739321, 0),
	Vector3.new(-2.34365654, 11.6983957, 0),
	Vector3.new(-2.24590397, 11.7405987, 0),
	Vector3.new(-2.18700027, 11.8250856, 0),
	Vector3.new(-2.17535591, 12.0030069, 0),
	Vector3.new(-2.17076302, 12.166194, 0),
	Vector3.new(-2.25126457, 12.3542671, 0),
	Vector3.new(-2.44387341, 12.5110245, 0),
	Vector3.new(-2.69820786, 12.5789852, 0),
	Vector3.new(-2.97380066, 12.5595055, 0),
	Vector3.new(-3.02501631, 12.0745106, 0),
	Vector3.new(-2.92468548, 11.9457951, 0),
	Vector3.new(-2.63968849, 11.8568459, 0),
	Vector3.new(-2.43837166, 11.8439531, 0),
	Vector3.new(-2.35604668, 11.9113436, 0),
	Vector3.new(-2.28583145, 12.0791483, 0),
	Vector3.new(-2.38988495, 12.3244991, 0),
	Vector3.new(-2.56859684, 12.4206753, 0),
	Vector3.new(-2.74039841, 12.4649782, 0),
	Vector3.new(-2.8404026, 12.3402081, 0),
	Vector3.new(-2.68279839, 12.0517159, 0),
	Vector3.new(-2.54672432, 12.0250587, 0),
	Vector3.new(-2.44530773, 12.0809374, 0),
	Vector3.new(-2.47278214, 12.2934875, 0),
	Vector3.new(-2.65358829, 12.3628445, 0),
	Vector3.new(-2.80879593, 12.3130655, 0),
	Vector3.new(-2.82599449, 12.1238461, 0),
	Vector3.new(-2.47550774, 11.9617205, 0),
	Vector3.new(-2.36666965, 12.0548267, 0),
	Vector3.new(-2.5354538, 12.4531918, 0),
	Vector3.new(-2.33609581, 11.6209164, 0),
	Vector3.new(-1.7300272, 11.8301764, 0),
	Vector3.new(-2.16593266, 12.4309111, 0),
	Vector3.new(-2.87284279, 12.3342199, 0),
	Vector3.new(-2.99934196, 11.5446997, 0),
	Vector3.new(-2.04568577, 11.4314985, 0),
	Vector3.new(-1.9716177, 12.2393074, 0),
	Vector3.new(-2.97044945, 12.3162041, 0),
	Vector3.new(-2.91434193, 11.8140364, 0),
	Vector3.new(-2.61002541, 12.2252216, 0),
	Vector3.new(-2.61999035, 12.1341915, 0),
	Vector3.new(-2.61093521, 12.0703564, 0),
	Vector3.new(-2.58242226, 12.1060658, 0),
	Vector3.new(-2.41603279, 12.6018934, 0),
	Vector3.new(-3.06778145, 12.4149809, 0),
	Vector3.new(-2.83557892, 11.8870335, 0),
	Vector3.new(-2.09520626, 11.4942904, 0),
	Vector3.new(-1.86981583, 12.0623665, 0),
	Vector3.new(-2.69369125, 12.5298948, 0),
	Vector3.new(-3.0380249, 11.9195538, 0),
	Vector3.new(-2.89084148, 11.6401854, 0),
	Vector3.new(-1.91645813, 11.7323132, 0),
	Vector3.new(-2.48388672, 12.5464554, 0),
	Vector3.new(-3.24703503, 11.9165831, 0),
	Vector3.new(-3.06353283, 11.5152073, 0),
	Vector3.new(-2.34403515, 11.3796844, 0)
}
