return {Vector3.new(10.1043091, 4.77811861, -0.126815796),
Vector3.new(9.42663574, 3.45277023, -0.0805282593),
Vector3.new(12.3392792, 1.56968379, -0.0147705078),
Vector3.new(15.6693726, 0.258498907, 0.0310134888),
Vector3.new(17.5421829, 0.325267553, 0.0286865234),
Vector3.new(18.6051331, 0.913643837, 0.00813293457),
Vector3.new(19.0074539, 2.03101015, -0.0308837891),
Vector3.new(18.8006668, 3.45701408, -0.0806732178),
Vector3.new(18.0605927, 5.56732416, -0.154373169),
Vector3.new(17.3207397, 7.07440138, -0.207000732),
Vector3.new(16.5505142, 8.22885132, -0.247314453),
Vector3.new(15.831398, 9.46424484, -0.29045105),
Vector3.new(14.6726761, 11.034605, -0.345291138),
Vector3.new(13.651474, 12.4253197, -0.393859863),
Vector3.new(12.8207703, 14.3076267, -0.499603271),
Vector3.new(9.15912628, 14.519455, -0.46698761),
Vector3.new(3.57995605, 0.287746191, 0.0299987793),
Vector3.new(6.72073364, 0.287364721, 0.0300140381),
Vector3.new(11.8233261, 12.9279823, -0.4114151),
Vector3.new(14.3147583, 8.45880127, -0.255340576),
Vector3.new(14.8441086, 7.36798525, -0.217254639),
Vector3.new(15.3150177, 6.06786728, -0.171852112),
Vector3.new(15.7491913, 4.82363462, -0.12840271),
Vector3.new(15.8728714, 3.66993618, -0.0881118774),
Vector3.new(15.2321396, 2.99034548, -0.0643844604),
Vector3.new(14.5326462, 2.72557664, -0.0551376343),
Vector3.new(13.8187561, 2.94166899, -0.0626831055),
Vector3.new(12.8040314, 3.24554157, -0.0732879639),
Vector3.new(11.5835114, 3.91368008, -0.0966262817),
Vector3.new(10.1531525, 4.75701189, -0.0161895752),
Vector3.new(8.76784515, 5.3028264, -0.145133972),
Vector3.new(6.5905304, 0.303500891, 0.0294418335),
Vector3.new(3.86308289, 0.887490273, -0.0271148682),
Vector3.new(2.73832703, 0.454273939, -0.0158615112),
Vector3.new(1.81170654, 0.180900574, 0.00970458984),
Vector3.new(0.640419006, 0.0189247131, -0.00065612793),
Vector3.new(-0.640426636, -0.0189170837, 0.00065612793),
Vector3.new(-1.37647247, -0.100864649, 0.12638855),
Vector3.new(-2.59549713, 0.126567841, -0.00441741943),
Vector3.new(-4.00392914, 0.540966749, -0.0188751221),
Vector3.new(-5.12845612, 1.05953646, -0.0368804932),
Vector3.new(-5.8177948, 1.68733287, -0.0587615967),
Vector3.new(-6.40454102, 2.52497959, -0.0880126953),
Vector3.new(-6.74121094, 3.41431332, -0.119064331),
Vector3.new(-6.77658844, 4.51587582, -0.157592773),
Vector3.new(-6.51608276, 5.46712065, -0.190917969),
Vector3.new(-5.98399353, 6.29383183, -0.219711304),
Vector3.new(-5.19198608, 6.9003911, -0.240829468),
Vector3.new(-4.11088562, 7.57874727, -0.264625549),
Vector3.new(-3.06370544, 8.12480354, -0.28364563),
Vector3.new(-2.02607727, 8.56531715, -0.298988342),
Vector3.new(-1.19785309, 8.862257, -0.309341431),
Vector3.new(-0.46157074, 9.24552917, -0.322677612),
Vector3.new(0.244689941, 9.5678196, -0.333900452),
Vector3.new(0.928245544, 10.0868969, -0.352088928),
Vector3.new(1.58620453, 10.723875, -0.374328613),
Vector3.new(1.94920349, 11.5766144, -0.404014587),
Vector3.new(1.62014771, 12.1622314, -0.424530029),
Vector3.new(1.13790131, 12.6875648, -0.442703247),
Vector3.new(0.524551392, 12.9703255, -0.452926636),
Vector3.new(-0.169921875, 13.1400928, -0.458740234),
Vector3.new(-1.02165985, 13.1453075, -0.458938599),
Vector3.new(-1.84282684, 13.0200005, -0.454650879),
Vector3.new(-2.47280121, 12.7575226, -0.445495605),
Vector3.new(-3.58815002, 12.319952, -0.429992676),
Vector3.new(-4.29373169, 11.974596, -0.417984009),
Vector3.new(-4.78604126, 11.6562214, -0.22428894),
Vector3.new(-5.15248108, 11.4563427, -0.400054932),
Vector3.new(-5.88021851, 12.6980629, -0.443244934),
Vector3.new(-4.40789795, 13.5828629, -0.474182129),
Vector3.new(-3.38507843, 14.0063515, -0.489105225),
Vector3.new(-2.77264404, 14.1840248, -0.495300293),
Vector3.new(-1.99739075, 14.4607487, -0.504959106),
Vector3.new(-1.26845551, 14.6059017, -0.510025024),
Vector3.new(-0.455627441, 14.5029697, -0.506439209),
Vector3.new(0.305000305, 14.4489002, -0.504394531),
Vector3.new(1.17510223, 14.3020515, -0.499267578),
Vector3.new(2.16513062, 14.1098862, -0.492553711),
Vector3.new(3.09986115, 13.6597366, -0.476844788),
Vector3.new(4.11475372, 12.8042889, -0.447128296),
Vector3.new(4.50206757, 12.0501518, -0.420669556),
Vector3.new(4.70014191, 11.2065182, -0.391296387),
Vector3.new(4.62093353, 10.3005085, -0.359542847),
Vector3.new(4.62710571, 9.5469799, -0.333312988),
Vector3.new(4.23055267, 8.9611454, -0.312835693),
Vector3.new(3.5801239, 8.24734688, -0.287879944),
Vector3.new(2.89134216, 7.68947649, -0.268486023),
Vector3.new(1.85630035, 7.17727709, -0.250289917),
Vector3.new(0.947143555, 6.82033682, -0.237930298),
Vector3.new(-0.035697937, 6.40845776, -0.223602295),
Vector3.new(-0.751983643, 6.13104439, -0.214057922),
Vector3.new(-2.03592682, 5.60253668, -0.195640564),
Vector3.new(-3.09622192, 4.80860662, -0.167800903),
Vector3.new(-3.6158905, 4.01806164, -0.140289307),
Vector3.new(-3.6738205, 2.88513327, -0.100616455),
Vector3.new(-3.30292511, 2.06876612, -0.0721740723),
Vector3.new(-2.52465057, 1.57479167, -0.0548324585),
Vector3.new(-1.45265961, 1.38573503, -0.0482330322),
Vector3.new(-0.341712952, 1.32370043, -0.0460586548),
Vector3.new(0.58165741, 1.46642351, -0.05103302),
Vector3.new(1.65028381, 1.61169124, -0.0561141968),
Vector3.new(2.62033844, 1.82154536, -0.0634307861),
Vector3.new(3.70211029, 2.42451572, -0.0845031738),
Vector3.new(4.45697784, 2.7800467, -0.0969161987),
Vector3.new(2.32066345, 1.71606898, -0.0597686768),
Vector3.new(1.21198273, 1.47284365, -0.0512695313),
Vector3.new(-0.265464783, 1.2601285, -0.0438537598),
Vector3.new(-1.03233337, 0.75768733, -0.0263977051),
Vector3.new(-2.45232391, 0.0779685974, -0.00272369385),
Vector3.new(-4.40371704, 0.722927809, -0.0251998901),
Vector3.new(-6.00171661, 1.95111132, -0.0679702759),
Vector3.new(-7.35044861, 1.19971132, -0.041885376),
Vector3.new(-8.34848022, 0.779785872, -0.0272293091),
Vector3.new(-9.07815552, 0.439598799, -0.0151672363),
Vector3.new(-10.5566711, 0.197437286, -0.00689697266),
Vector3.new(-11.5089874, 0.0414581299, -0.00145721436),
Vector3.new(-12.5635986, -0.029586792, 0.00102996826),
Vector3.new(-13.6589355, 0.0807800293, -0.00282287598),
Vector3.new(-14.6229401, 0.267020941, -0.00932312012),
Vector3.new(-15.4597321, 0.547604322, -0.0191116333),
Vector3.new(-16.1489716, 0.763775587, -0.0266265869),
Vector3.new(-16.7040253, 1.03432131, -0.0360107422),
Vector3.new(-17.3193817, 1.6316154, -0.0568389893),
Vector3.new(-17.8144989, 2.08959246, -0.0728149414),
Vector3.new(-18.2273865, 2.8936677, -0.100875854),
Vector3.new(-18.4315796, 3.58186817, -0.125083923),
Vector3.new(-18.453476, 4.38375759, -0.153015137),
Vector3.new(-18.3525391, 4.9501996, -0.172737122),
Vector3.new(-18.1232452, 5.56042814, -0.194168091),
Vector3.new(-17.7749634, 6.0800209, -0.212280273),
Vector3.new(-17.1957397, 6.72225714, -0.234634399),
Vector3.new(-16.6347809, 7.19785929, -0.251174927),
Vector3.new(-15.9593658, 7.47890711, -0.261138916),
Vector3.new(-15.3547516, 7.74950075, -0.270568848),
Vector3.new(-14.7577209, 8.02414894, -0.280136108),
Vector3.new(-14.0235443, 8.32026863, -0.29045105),
Vector3.new(-13.2831879, 8.7312603, -0.304771423),
Vector3.new(-12.4853058, 8.96696091, -0.312980652),
Vector3.new(-11.7546539, 9.3676815, -0.326950073),
Vector3.new(-10.8478546, 10.0133114, -0.349517822),
Vector3.new(-10.2707672, 10.4850712, -0.366012573),
Vector3.new(-9.86862183, 11.2267399, -0.391868591),
Vector3.new(-9.9513092, 11.964016, -0.417617798),
Vector3.new(-10.2577667, 12.5595665, -0.438285828),
Vector3.new(-10.7949371, 12.9132252, -0.450935364),
Vector3.new(-11.4042664, 13.0728054, -0.456481934),
Vector3.new(-12.2574768, 13.054678, -0.455703735),
Vector3.new(-13.0148926, 13.028656, -0.454910278),
Vector3.new(-13.7729645, 12.851757, -0.448791504),
Vector3.new(-14.5596619, 12.6861248, -0.443008423),
Vector3.new(-15.2274017, 12.359581, -0.431350708),
Vector3.new(-15.7964935, 12.1654968, -0.4246521),
Vector3.new(-16.6391449, 11.7172852, -0.409141541),
Vector3.new(-16.8772888, 11.5499554, -0.403320313),
Vector3.new(-17.5443878, 12.6771984, -0.442520142),
Vector3.new(-16.1987, 13.5407372, -0.472717285),
Vector3.new(-15.4452972, 13.8802586, -0.484542847),
Vector3.new(-14.835434, 14.083765, -0.491638184),
Vector3.new(-14.0568085, 14.3011627, -0.499237061),
Vector3.new(-13.2102966, 14.3961239, -0.502548218),
Vector3.new(-12.0946808, 14.4482212, -0.504371643),
Vector3.new(-11.2255554, 14.4120979, -0.503105164),
Vector3.new(-9.7563324, 14.0574188, -0.490875244),
Vector3.new(-9.09609985, 13.7696228, -0.48072052),
Vector3.new(-8.20514679, 13.2943516, -0.464187622),
Vector3.new(-7.46503448, 12.5720768, -0.439025879),
Vector3.new(-7.16764069, 11.8732948, -0.414512634),
Vector3.new(-7.06373596, 10.9782429, -0.383354187),
Vector3.new(-6.95264435, 10.1362724, -0.353790283),
Vector3.new(-7.21186066, 9.60614395, -0.335372925),
Vector3.new(-7.61476898, 9.0384903, -0.315460205),
Vector3.new(-8.02368927, 8.64374352, -0.301757813),
Vector3.new(-8.43757629, 8.17382622, -0.285377502),
Vector3.new(-9.06124878, 7.67580271, -0.26802063),
Vector3.new(-9.77816772, 7.25846338, -0.253471375),
Vector3.new(-10.4907379, 6.92865515, -0.24168396),
Vector3.new(-11.1760559, 6.53807974, -0.228134155),
Vector3.new(-12.0945129, 6.26242161, -0.218505859),
Vector3.new(-12.9636383, 5.87492323, -0.205154419),
Vector3.new(-13.8773193, 5.43100023, -0.189651489),
Vector3.new(-14.5729828, 5.09654951, -0.177825928),
Vector3.new(-15.2534332, 4.46754932, -0.155929565),
Vector3.new(-15.5161285, 3.8318882, -0.133804321),
Vector3.new(-15.5701904, 3.24572945, -0.113182068),
Vector3.new(-15.2564697, 2.55120659, -0.0889282227),
Vector3.new(-14.64711, 1.76102901, -0.0614929199),
Vector3.new(-13.9183502, 1.5206151, -0.0529327393),
Vector3.new(-13.087326, 1.34430361, -0.0467910767),
Vector3.new(-12.2919769, 1.18172884, -0.0411224365),
Vector3.new(-11.303894, 1.33129168, -0.0463409424),
Vector3.new(-10.00354, 1.65432048, -0.0576019287),
Vector3.new(-8.84552002, 2.00089312, -0.0697021484),
Vector3.new(-7.83544159, 2.39740658, -0.0835723877),
Vector3.new(-6.76098633, 3.1926074, -0.111312866),
Vector3.new(-7.1421051, 2.43082523, -0.0847625732),
Vector3.new(-7.62510681, 1.77114177, -0.0617828369),
Vector3.new(-9.40400696, 1.85690355, -0.214767456),
Vector3.new(-10.6963806, 1.51852846, -0.202957153),
Vector3.new(-11.8069611, 1.18646669, -0.191375732),
Vector3.new(-13.9019165, 1.48584032, -0.0517272949),
Vector3.new(-16.1190338, 3.31598377, -0.115631104),
Vector3.new(-16.473526, 3.77163792, -0.131706238),
Vector3.new(-16.6698303, 4.69326353, -0.163795471),
Vector3.new(-16.7268982, 5.43808603, -0.18989563),
Vector3.new(-16.5863647, 5.99867249, -0.209457397),
Vector3.new(-16.2008209, 6.56957102, -0.229324341),
Vector3.new(-15.7095184, 7.05415487, -0.345733643),
Vector3.new(-15.3695221, 7.78062677, -0.297958374),
Vector3.new(-13.2756348, 8.70375061, -0.360862732),
Vector3.new(-10.2521057, 10.4717636, -0.457672119),
Vector3.new(-10.1947632, 12.6536827, -0.482543945),
Vector3.new(-10.4983521, 13.6714687, -0.477333069),
Vector3.new(-10.6827698, 14.6764297, -0.51247406),
Vector3.new(-15.2209473, 28.0690193, -0.980010986),
Vector3.new(-11.9380188, 27.0265064, -0.943786621),
Vector3.new(-9.32746887, 19.2458076, -0.67199707),
Vector3.new(-8.73750305, 19.4816685, -0.680206299),
Vector3.new(-8.15946198, 19.9415493, -0.696212769),
Vector3.new(-7.42954254, 20.4663277, -0.714523315),
Vector3.new(-6.36743927, 21.21595, -0.740859985),
Vector3.new(-5.69093323, 21.9592514, -0.766746521),
Vector3.new(-5.21658325, 22.5824795, -0.788444519),
Vector3.new(-4.7986908, 23.4122581, -0.817520142),
Vector3.new(-4.53892517, 24.4126701, -0.852355957),
Vector3.new(-4.60481262, 25.4236221, -0.887733459),
Vector3.new(-4.96052551, 26.3948917, -0.921554565),
Vector3.new(-5.51268005, 26.8551273, -0.937728882),
Vector3.new(-4.8560791, 26.9408035, -0.940765381),
Vector3.new(-4.10303497, 27.3400898, -0.964736938),
Vector3.new(-3.28136444, 27.6126499, -0.974105835),
Vector3.new(-2.60594177, 27.1439953, -0.94770813),
Vector3.new(-2.11895752, 26.3974037, -0.921661377),
Vector3.new(-1.65986633, 25.6407814, -0.895324707),
Vector3.new(-1.57566071, 24.7829971, -0.865432739),
Vector3.new(-1.80168915, 23.642128, -0.825538635),
Vector3.new(-2.29891968, 22.520031, -0.786270142),
Vector3.new(-3.01124573, 21.3939667, -0.747039795),
Vector3.new(-3.91094971, 20.6185074, -0.719894409),
Vector3.new(-5.12812805, 19.7259445, -0.688842773),
Vector3.new(-6.38513184, 18.8400726, -0.657775879),
Vector3.new(-7.45690155, 18.2192154, -0.636184692),
Vector3.new(-8.53346252, 17.6456509, -0.616195679),
Vector3.new(-8.84721375, 17.5241909, -0.611953735),
Vector3.new(-7.62854004, 13.9380207, -0.486724854),
Vector3.new(-8.60868835, 17.7037086, -0.618225098),
Vector3.new(-6.9243927, 18.5971546, -0.649337769),
Vector3.new(-4.875, 19.9613514, -0.697036743),
Vector3.new(-3.63639069, 20.8840504, -0.729133606),
Vector3.new(-2.17234039, 22.7359657, -0.793792725),
Vector3.new(-1.30992126, 27.9103851, -0.974472046),
Vector3.new(1.57563019, 27.7532215, -0.979156494),
Vector3.new(-1.29859924, 27.681778, -0.966499329),
Vector3.new(-3.27503967, 14.5163841, -0.506904602),
Vector3.new(-2.68678284, 14.7954178, -0.516639709),
Vector3.new(-2.07072449, 15.0597267, -0.525863647),
Vector3.new(-1.46840668, 15.227417, -0.531715393),
Vector3.new(-0.825286865, 15.2324905, -0.531890869),
Vector3.new(-0.242462158, 15.2116756, -0.531166077),
Vector3.new(1.19385529, 24.2707653, -0.847381592),
Vector3.new(4.17209625, 13.7588902, -0.48046875),
Vector3.new(6.98368073, 13.764986, -0.480674744),
Vector3.new(9.60704803, 26.289032, -0.918022156),
Vector3.new(10.2717209, 24.3947067, -0.851875305),
Vector3.new(10.5737915, 23.1380424, -0.807975769),
Vector3.new(10.7192001, 22.4294605, -0.783096313),
Vector3.new(10.8766174, 21.5319481, -0.751861572),
Vector3.new(10.9104233, 20.7608662, -0.724807739),
Vector3.new(10.9727936, 19.882473, -0.694229126),
Vector3.new(10.9427948, 18.9136353, -0.660316467),
Vector3.new(10.8630371, 17.951704, -0.626831055),
Vector3.new(10.7640305, 16.9865131, -0.593048096),
Vector3.new(10.5974274, 15.7429924, -0.549758911),
Vector3.new(10.4142685, 14.9113216, -0.520599365),
Vector3.new(11.0889206, 15.0055122, -0.523880005),
Vector3.new(11.7954712, 15.0709991, -0.526153564),
Vector3.new(12.6560593, 15.0417061, -0.52519989),
Vector3.new(13.3474426, 15.0353546, -0.524978638),
Vector3.new(13.7508926, 17.0309029, -0.594566345),
Vector3.new(13.8163681, 18.0094624, -0.628829956),
Vector3.new(13.7017059, 18.8017044, -0.656417847),
Vector3.new(13.6016312, 20.226717, -0.706161499),
Vector3.new(13.2794037, 21.2151985, -0.740844727),
Vector3.new(12.9311218, 22.1103745, -0.772010803),
Vector3.new(12.475708, 23.2353897, -0.811340332),
Vector3.new(11.9006577, 24.4284954, -0.853027344),
Vector3.new(11.401268, 25.5275917, -0.891326904),
Vector3.new(10.5233078, 26.9066353, -0.939529419),
Vector3.new(9.98986053, 28.0118732, -0.894065857),
Vector3.new(8.92259979, 27.6180115, -0.974441528),
Vector3.new(8.23377228, 27.3586197, -0.965385437),
Vector3.new(7.26143646, 27.1867924, -0.959396362),
Vector3.new(7.13542938, 27.1798, -0.959152222),
Vector3.new(4.71156311, 16.726141, -0.583969116),
Vector3.new(1.6160202, 27.6228809, -0.974609375),
Vector3.new(2.32831573, 27.3109264, -0.963729858),
Vector3.new(3.35553741, 27.125761, -0.957275391),
Vector3.new(4.3698349, 27.0535736, -0.954750061),
Vector3.new(5.37560272, 27.0080872, -0.953155518),
Vector3.new(6.9678421, 27.220871, -0.960586548),
Vector3.new(8.07408142, 27.3892384, -0.966468811),
Vector3.new(9.49127197, 27.8457241, -0.982330322),
Vector3.new(10.5312271, 28.449173, -1.00332642),
Vector3.new(11.114502, 29.1821747, -1.02893066),
Vector3.new(11.6862946, 30.3557873, -1.06988525),
Vector3.new(11.8139572, 31.3145409, -1.10348511),
Vector3.new(11.9981003, 32.4099388, -1.1417923),
Vector3.new(11.8283386, 33.9795723, -1.19645691),
Vector3.new(11.6042404, 35.5009079, -1.24967194),
Vector3.new(11.3091736, 36.956234, -1.30041504),
Vector3.new(11.1406479, 38.2199135, -1.34466553),
Vector3.new(10.8310089, 40.0199242, -1.40753937),
Vector3.new(17.8927536, 40.0186005, -1.40745544),
Vector3.new(17.9199829, 35.3074265, -1.24287415),
Vector3.new(12.4288559, 35.2719688, -1.24139404),
Vector3.new(12.4318008, 34.3039551, -1.20775604),
Vector3.new(17.9458008, 34.3074799, -1.20803833),
Vector3.new(17.9107437, 27.2229404, -0.960662842),
Vector3.new(20.8296585, 27.2535877, -0.961730957),
Vector3.new(20.84198, 41.3432961, -1.45358276),
Vector3.new(8.25579071, 41.3197861, -1.45275879),
Vector3.new(8.38566589, 40.0814171, -1.40951538),
Vector3.new(8.64844513, 38.2127113, -1.3442688),
Vector3.new(8.74459839, 36.5997887, -1.28799438),
Vector3.new(8.85977936, 34.9893227, -1.23182678),
Vector3.new(8.9319458, 33.4940376, -1.17954254),
Vector3.new(8.89607239, 32.2335587, -1.13547516),
Vector3.new(8.80056763, 31.2505188, -1.10126495),
Vector3.new(8.58815002, 30.2353878, -1.06569672),
Vector3.new(8.2766571, 29.4567146, -1.03862762),
Vector3.new(7.78056335, 28.7836723, -1.01516724),
Vector3.new(7.01642609, 28.5086689, -1.00540161),
Vector3.new(6.31861115, 28.3406506, -0.999534607),
Vector3.new(5.17350006, 28.1309662, -0.992218018),
Vector3.new(4.40280151, 28.189312, -0.994277954),
Vector3.new(3.54976654, 28.3813496, -1.00097656),
Vector3.new(2.76511383, 28.9238968, -1.02005005),
Vector3.new(2.09187317, 29.6014709, -1.04362488),
Vector3.new(1.66557312, 30.5353355, -1.07615662),
Vector3.new(1.51364899, 31.435936, -1.10775757),
Vector3.new(1.54018402, 32.2267838, -1.1353302),
Vector3.new(1.68011475, 33.2892265, -1.17237091),
Vector3.new(1.74167633, 34.6195679, -1.21893311),
Vector3.new(2.25498199, 41.351181, -1.45385742),
Vector3.new(0.0138168335, 41.3300095, -1.45310974),
Vector3.new(-0.209159851, 40.054287, -1.40856934),
Vector3.new(-0.477203369, 38.564518, -1.35655212),
Vector3.new(-0.694992065, 37.6425934, -1.32435608),
Vector3.new(-1.2660141, 38.4024963, -1.35098267),
Vector3.new(-2.17129517, 39.2155876, -1.37928772),
Vector3.new(-3.07602692, 40.0116844, -1.40710449),
Vector3.new(-3.94760132, 40.5866547, -1.42719269),
Vector3.new(-4.88808441, 40.9915962, -1.4413147),
Vector3.new(-6.01501465, 41.1685371, -1.44749451),
Vector3.new(-6.92153168, 41.2263641, -1.44950867),
Vector3.new(-7.88524628, 41.0503082, -1.44338226),
Vector3.new(-9.03024292, 40.8207741, -1.43534851),
Vector3.new(-10.0357056, 40.3126945, -1.4176178),
Vector3.new(-10.9728546, 39.7999229, -1.39968872),
Vector3.new(-11.3752899, 39.1705742, -1.37773132),
Vector3.new(-10.46875, 38.383316, -1.35037994),
Vector3.new(-9.72047424, 39.0614281, -1.37406921),
Vector3.new(-8.72653198, 39.618248, -1.24137878),
Vector3.new(-7.84349823, 39.9341431, -1.40447998),
Vector3.new(-6.94334412, 39.9605255, -1.40533447),
Vector3.new(-5.55843353, 39.743927, -1.39790344),
Vector3.new(-4.73724365, 39.1056061, -1.37548065),
Vector3.new(-3.94094849, 38.3916283, -1.35061646),
Vector3.new(-3.43456268, 37.2429657, -1.31040955),
Vector3.new(-3.10604858, 35.985569, -1.26657104),
Vector3.new(-2.90389252, 34.576664, -1.21743774),
Vector3.new(-2.98829651, 32.9251175, -1.15977478),
Vector3.new(-3.16231537, 31.5599899, -1.11201477),
Vector3.new(-3.7277298, 30.1637707, -1.06320953),
Vector3.new(-4.99802399, 28.7364388, -1.01332092),
Vector3.new(-6.45430756, 28.2116051, -0.995040894),
Vector3.new(-7.5676651, 28.1255989, -0.992034912),
Vector3.new(-8.59606171, 28.2904358, -0.997680664),
Vector3.new(-9.85290527, 28.7445145, -1.01379395),
Vector3.new(-11.0016937, 29.7613106, -1.04917908),
Vector3.new(-11.9851837, 29.2486687, -1.03128052),
Vector3.new(-11.4463806, 28.4043255, -1.0017395),
Vector3.new(-10.8988037, 27.8945808, -0.983970642),
Vector3.new(-9.88624573, 27.310318, -0.963684082),
Vector3.new(-8.87966919, 27.0074558, -0.952957153),
Vector3.new(-7.58502197, 26.8540001, -0.947769165),
Vector3.new(-6.17627716, 26.82971, -0.946929932),
Vector3.new(-5.07437897, 26.9907589, -0.952560425),
Vector3.new(-3.86528778, 27.4454079, -0.968399048),
Vector3.new(-2.66430664, 28.0013828, -0.987838745),
Vector3.new(-1.81764984, 28.641552, -1.01011658),
Vector3.new(-1.05294037, 29.439373, -1.03792572),
Vector3.new(-0.87752533, 29.5868225, -1.04303741),
Vector3.new(-0.304275513, 28.7917404, -1.01528931),
Vector3.new(0.316734314, 28.355135, -1.00008392),
Vector3.new(0.962654114, 28.0219688, -0.988479614),
Vector3.new(1.45999908, 27.7434483, -0.978813171),
Vector3.new(-1.10083771, 27.7780113, -0.969848633),
Vector3.new(-3.61476898, 27.5208416, -0.970977783),
Vector3.new(-6.75816345, 26.8472214, -0.947540283),
Vector3.new(-9.36444092, 27.1825485, -0.959251404),
Vector3.new(-10.8575134, 27.9387474, -0.989387512),
Vector3.new(-11.6725006, 28.7498512, -1.01396942),
Vector3.new(-11.8483429, 27.6460571, -0.965393066),
Vector3.new(-12.4707947, 27.7594814, -0.969345093),
Vector3.new(-14.7838287, 28.6453972, -1.00016022),
Vector3.new(-14.8154907, 29.6443596, -1.03514862),
Vector3.new(-18.0269775, 31.3029442, -1.09298706),
Vector3.new(-21.2489014, 27.092453, -0.946090698),
Vector3.new(-24.7263184, 27.0246468, -0.943725586),
Vector3.new(-20.4076385, 32.649868, -1.14006805),
Vector3.new(-21.1246185, 33.2043381, -1.15944672),
Vector3.new(-21.9899139, 33.897213, -1.18357086),
Vector3.new(-22.8539886, 34.5707779, -1.20723724),
Vector3.new(-23.4946594, 35.3050728, -1.23278046),
Vector3.new(-24.0678406, 36.1204262, -1.26119995),
Vector3.new(-24.3666534, 36.8991013, -1.288414),
Vector3.new(-24.571106, 37.8353615, -1.32106018),
Vector3.new(-24.5409088, 38.7814407, -1.35424805),
Vector3.new(-24.247345, 39.7060852, -1.38639832),
Vector3.new(-23.6461029, 40.4466743, -1.41226959),
Vector3.new(-22.8645935, 40.8798637, -1.42736816),
Vector3.new(-22.0135956, 41.2172127, -1.43916321),
Vector3.new(-21.1884308, 41.4299393, -1.44657898),
Vector3.new(-20.5586243, 41.4490433, -1.44726563),
Vector3.new(-20.5553741, 40.3628807, -1.4093399),
Vector3.new(-21.0334625, 39.8890152, -1.39293671),
Vector3.new(-21.4598236, 39.333622, -1.37348938),
Vector3.new(-21.6660767, 38.506897, -1.34468079),
Vector3.new(-21.5288849, 37.7051506, -1.31653595),
Vector3.new(-21.1708374, 37.009491, -1.29232025),
Vector3.new(-20.7585907, 36.2085724, -1.26442719),
Vector3.new(-20.2381134, 35.5163841, -1.24014282),
Vector3.new(-19.8229218, 34.9203758, -1.21937561),
Vector3.new(-19.1654968, 34.2426643, -1.19560242),
Vector3.new(-18.2364655, 33.5059853, -1.16989136),
Vector3.new(-17.4558411, 32.9501915, -1.15047455),
Vector3.new(-16.3919067, 32.3094101, -1.12809753),
Vector3.new(-15.3932495, 31.7327728, -1.10797119),
Vector3.new(-14.8005524, 31.4263687, -1.09735107),
Vector3.new(-14.7698822, 41.2125435, -1.43899536),
Vector3.new(-11.8627319, 41.1902924, -1.43821716),
Vector3.new(-11.8783264, 27.0221081, -0.943389893)}
