return {Vector3.new(44.9418182, -0.228515625, -1.52587891e-05),
Vector3.new(44.9351196, 14.240387, -1.52587891e-05),
Vector3.new(51.460968, 39.1019516, -1.52587891e-05),
Vector3.new(46.2993011, 39.0851517, -1.52587891e-05),
Vector3.new(42.240509, 21.92556, -1.52587891e-05),
Vector3.new(38.526825, 39.0289993, -1.52587891e-05),
Vector3.new(33.6119537, 39.0451508, -1.52587891e-05),
Vector3.new(39.8114319, 14.2081528, -1.52587891e-05),
Vector3.new(39.793808, -0.214530945, -1.52587891e-05),
Vector3.new(45.0462036, -0.155212402, -0.150009155),
Vector3.new(44.922226, 14.2791824, -1.52587891e-05),
Vector3.new(51.4608612, 39.1309509, -0.0782928467),
Vector3.new(46.299118, 39.1408615, 0.105224609),
Vector3.new(42.2261963, 21.9118958, -1.52587891e-05),
Vector3.new(38.5270386, 39.0943298, -0.117156982),
Vector3.new(33.0685425, 38.9744568, 0.0230712891),
Vector3.new(33.422226, 0.0449523926, 0.0230712891),
Vector3.new(20.1823883, 0.219055176, 0.0230712891),
Vector3.new(20.6190796, 4.46694183, 0.0230712891),
Vector3.new(28.4082336, 4.5894165, 0.0230712891),
Vector3.new(28.4557037, 17.7914276, 0.0230712891),
Vector3.new(21.5373993, 17.8404083, 0.0230712891),
Vector3.new(21.4788818, 22.3516541, 0.0230712891),
Vector3.new(28.4582367, 22.5134964, 0.0230712891),
Vector3.new(28.4183044, 34.5145493, 0.0230712891),
Vector3.new(20.80336, 34.5336151, 0.0230712891),
Vector3.new(20.6069946, 39.1901321, 0.0230712891),
Vector3.new(32.9950867, 39.1024475, 0.0230712891),
Vector3.new(20.4360199, 39.1988831, 0.0230712891),
Vector3.new(20.0963745, -0.0323410034, 0.0230712891),
Vector3.new(7.74937439, -0.0352859497, 0.0230712891),
Vector3.new(7.70185852, 4.49362946, 0.0230712891),
Vector3.new(15.5106049, 4.62049103, 0.0230712891),
Vector3.new(15.5136871, 17.7432175, 0.0230712891),
Vector3.new(8.65706635, 17.8267822, 0.0230712891),
Vector3.new(8.6190567, 22.4349899, 0.0230712891),
Vector3.new(15.5513916, 22.4739914, 0.0230712891),
Vector3.new(15.5426178, 34.5227509, 0.0230712891),
Vector3.new(7.7006073, 34.5693588, 0.0230712891),
Vector3.new(7.66362, 39.1232605, 0),
Vector3.new(20.4022217, 39.235817, 0.0230712891),
Vector3.new(-7.59615326, 39.247757, 0),
Vector3.new(-7.60553741, 34.6189575, 0),
Vector3.new(-2.58582306, 34.605957, 0),
Vector3.new(-2.55545807, 0.00162506104, 0),
Vector3.new(2.55545807, -0.00162506104, 0),
Vector3.new(2.54247284, 34.5681458, 0),
Vector3.new(7.66968536, 34.5240097, 0.0230712891),
Vector3.new(7.61332703, 39.0531921, 0),
Vector3.new(-8.15692902, 39.0914001, 0.0230712891),
Vector3.new(-7.84317017, -0.0254249573, 0.0230712891),
Vector3.new(-20.6566315, -0.14938736, 0.0230712891),
Vector3.new(-20.6330185, 4.54214859, 0.0230712891),
Vector3.new(-12.9818268, 4.56782913, 0.0230712891),
Vector3.new(-12.9336014, 17.7683868, 0.0230712891),
Vector3.new(-19.9019318, 17.789566, 0.0230712891),
Vector3.new(-19.9511414, 22.4940109, 0.0230712891),
Vector3.new(-12.987999, 22.4777527, 0.0230712891),
Vector3.new(-12.9609375, 34.5543747, 0.0230712891),
Vector3.new(-20.7339859, 34.5440445, 0),
Vector3.new(-20.7698212, 39.2260666, 0.0230712891),
Vector3.new(-8.25502014, 39.1992493, 0.0230712891),
Vector3.new(-30.0905533, 39.114769, 0),
Vector3.new(-31.0783157, 38.9611893, 0),
Vector3.new(-32.1522446, 38.79879, 0),
Vector3.new(-32.9428864, 38.4375992, 0),
Vector3.new(-33.534462, 38.27742, 0),
Vector3.new(-34.1221008, 37.9987411, 0),
Vector3.new(-34.899147, 37.5715103, 1.52587891e-05),
Vector3.new(-35.4352341, 36.8642197, 0),
Vector3.new(-35.9674149, 36.2022934, 1.52587891e-05),
Vector3.new(-36.2525711, 35.2776947, 0),
Vector3.new(-36.453064, 34.2515182, 0),
Vector3.new(-36.0704803, 3.15678406, 0),
Vector3.new(-35.466835, 1.62976074, 0),
Vector3.new(-34.8528671, 0.929439545, 0),
Vector3.new(-34.1798019, 0.591957092, 0),
Vector3.new(-33.3502655, 0.191184998, 0),
Vector3.new(-32.3303146, -0.0918731689, 0),
Vector3.new(-31.2691498, -0.133163452, 0),
Vector3.new(-20.7441559, -0.191329956, 0),
Vector3.new(-20.8897324, 39.3003693, 0.0242919922),
Vector3.new(-29.4578934, 39.1150436, 0),
Vector3.new(-30.2970123, 38.1302872, 1.52587891e-05),
Vector3.new(-30.5144577, 37.2274017, 0),
Vector3.new(-30.8602448, 36.0670013, 0),
Vector3.new(-31.0646744, 34.6685638, 0),
Vector3.new(-31.0969391, 34.0228882, 0),
Vector3.new(-31.6026611, 33.4846039, 0),
Vector3.new(-31.925766, 32.7685547, 0),
Vector3.new(-32.0464325, 31.8316269, 0),
Vector3.new(-32.1469116, 5.95485306, 0),
Vector3.new(-31.9454193, 5.20523071, 0),
Vector3.new(-31.4857712, 4.70898819, 0),
Vector3.new(-30.9672241, 4.41300964, 0),
Vector3.new(-25.9591751, 4.47616959, 0),
Vector3.new(-25.9773636, 34.395752, 0),
Vector3.new(-30.8408279, 34.2123489, 0)}
